115.740513104895
-167.7244745224088
-19.75860161265051
28.64398733055761
17.98126759762895
1.689655885001598
3.97619159393681
8.679621821788322
8.586332734302228
15.18142102362018
5.713596131732585
16.43657052657291
-18.09481113710911
-48.39896166422008
-10.84558976833009
196.1544245365496
-149.322462357437
-0.3488677772800745
85.97236535757141
-18.66963823580487
-32.1504779464307
21.85808807092253
9.079247983390191
-8.997802389358743
-8.787784289578317
7.880191528981778
9.711431906941909
-9.950666664942764
7.082461998545519
5.421124474425541
-32.15294495634588
22.03143699213561
-42.8594110206235
-15.33218735650745
-51.46235073983698
-94.59296878861794
10.74116736351716
-13.11803732357739
21.92766873946678
-14.59281617783109
1.264878382294547
-13.83602074563992
-3.186245710169652
-8.545571197419822
10.49964415332795
-12.22131938988604
29.74621014391168
3.998819977890117
-22.11015540726484
-44.09736204802618
77.30468780584269
137.0020759229717
14.13930335932325
-67.11484378751783
40.66603087174007
-4.07921513155804
-16.06742958124537
-5.771890450409883
-16.59076630026002
10.60784077284118
6.977940968699843
6.66761733391423
-12.22331198163279
22.98350076798876
20.76021306522018
26.48931333206713
78.01387169790945
-196.1544245365496
196.1544245365499
78.04886166685989
49.29955691799539
-26.54678958749111
13.96136307338855
-21.58450578666055
-12.31973727964854
-0.2638267272008983
-10.38199117967064
-13.50623532110666
-22.73264974842066
-5.750907570178067
10.77419785849083
-9.026770383659057
-29.74774247644694
-49.85846193668063
65.3549505960918
1.169084365124949
144.1736013095235
-62.64307584071918
18.53964755868527
-23.15441502826419
15.65814772595373
-10.28266057059585
-8.86577670571373
-9.003490137969655
-15.51504044022762
-1.272709914072001
-3.761857872927784
7.642027629682284
11.91413986520465
14.39298387412809
-64.98827167241254
-108.3494454814059
196.1544245365501
188.491403913401
64.63968156555437
-29.38424929419635
-1.842955326649865
-14.67464773126346
2.949811154169923
-4.172148117285214
14.11799032809119
3.42126507379406
-1.914911528973109
-6.786819452951186
-11.70183623014178
13.38141598522259
1.970400500426399
-23.99285083693354
-187.624291514236
-111.9993270407312
-196.1544245365497
-51.72591801941122
26.82446740999145
14.92540488382453
-8.972885816234774
-9.819636163012598
0.3715657413909069
-9.358458989567344
3.931736439920034
3.820052227770237
10.35525431314514
13.49504824648669
7.176973561723522
-2.605479769698595
-40.6243761827414
-98.40205327407865
118.9621706155362
196.1544245365496
-43.23609330854405
-40.28056720201043
16.81358856000547
-3.143559884986464
-2.862752536909172
-15.42442507574216
13.80762867307164
3.261268805880813
-9.359926361132485
-13.97315412463573
-14.17083278029748
17.95164901830466
-33.77044789127675
45.86629496938408
6.886800847975831
-196.1544245365497
-127.9805801247688
73.13155959714622
18.24418383383541
7.227443134038844
-29.57803578222959
23.41021973532177
7.365162137088404
2.317656237118816
-4.168355913491691
1.673542690126639
-15.8788600291488
-17.84310281943108
23.65324436833493
47.40617220549139
-46.82945483138187
57.39426391123594
-12.43153463926955
89.63270944084805
48.95584157962804
-9.756903349599014
-31.7562971289012
28.3550014631406
-0.3748407871308234
-0.1875270113075887
5.894847279041275
5.53750751285314
10.16921466616958
-10.01491696334733
-11.94442515380904
0.3744596478454189
21.89581988350876
105.5328609338212
160.4880143637226
190.4039302683638
-164.1878613527913
-44.17201917710408
-31.0880907432959
-14.89079427167028
-27.98020787253055
-11.48222474375391
5.06018590971543
9.973700049458952
-7.306516699321459
0.9450904937900385
4.976112837598678
1.662268696469462
7.623975724533359
15.18809382605399
44.83277871362017
-153.9690654993388
81.53579800315426
178.443016992344
77.87806711828573
-46.32238974802171
-55.231664183254
-23.60638064297474
-15.70229964598962
6.724322521677779
1.573883608617515
-3.733685558242921
0.9648121895083416
7.534773161552312
7.33647043603251
4.694390116321032
-24.93742597541684
5.328836502928473
18.24677156568589
121.2301014072629
-130.8840926204573
-100.8090952071232
27.11468365267552
15.10713208949444
13.97860084588388
-26.36609197827668
23.1172063700956
15.39671911709691
-11.54070191423942
12.65893504172788
14.6821471851132
27.74543091344474
27.36422835697246
13.44586371996211
-66.18676918048654
-6.223313544435086
-121.2301014072652
69.3190405312624
46.65134219060953
-0.9406884411850146
24.90963617719301
-19.47241070154879
-17.69443150974296
-3.837219894072834
1.516062168378519
0.8576165855206295
-6.673564988495849
14.7803658357938
25.32119386544576
27.61201396079199
44.66425971687305
98.01783962702034
-155.8722642074758
196.1544245365501
170.1138237570425
-104.0393575393587
61.51429152754104
-16.01000557295629
16.10112132501128
14.96774214257283
-10.21847551395142
3.173713283946777
-6.269997676123954
6.361814197841611
-15.12682128751039
1.32687164871618
-20.41957569392209
23.93553459478031
-105.7143209389784
-15.39312601089616
-129.5001842548853
-207.1328969638686
-179.6607667262839
-68.04932283169144
22.96827743224865
-0.5232891713212214
-10.20768317694127
-4.008920672832635
3.421557360637558
10.13101168285086
7.070036340173682
3.27581913377943
13.62482975434461
-27.82664004884821
-41.9856027632184
-66.5916003388932
-41.12096278346794
194.1463229466987
-190.7350567019106
-171.771988291787
84.65616913851676
-39.06111890609125
7.14519447189167
-1.848127776020271
12.07106705831624
-3.075448721109177
-11.89600283943003
1.717480837991681
-1.421314353547287
-12.17391456763468
-7.060234478507093
-32.80903101156733
-18.69743955300419
47.17975956144991
182.4445139597056
146.5396191049368
-196.3901457976348
50.91185494445811
-6.158544807648813
23.93282336758471
7.85080438248914
18.77487438640705
-3.732480528651551
-1.863364995450953
-8.464276480503878
14.17844204046939
23.32943893410166
-11.95467130048977
4.068531800447505
-23.06040864668449
-5.359398842590196
10.51297187805314
61.09464168548445
182.2057737410235
-54.32590317111408
-20.82787411529009
16.52694241604982
3.023270296651812
14.42255445351774
11.3293589623858
1.882149332182661
-3.902052781287514
4.031759826673058
-21.59007190056162
7.057288357076984
17.15439442536513
23.53386284108801
-60.70088945238628
-186.2781380952673
206.8697612938236
136.6212013467244
31.08978321051572
25.19849211618365
-9.545804244083213
-13.80798434490989
-4.403373225583004
-1.185597647715278
-5.543387552720709
-5.320623901208547
15.24443003647316
8.531134256161913
9.06613058920048
17.20187689699195
35.14253697777796
-20.29715768215583
163.1600475762907
64.73028659820419
51.92049591055098
28.8998472950791
26.21574503310756
31.36911288762981
3.087002926322112
-9.685165586689331
8.921739545876328
0.9516977785891105
12.30941959921929
-7.844673235639569
5.238232202433585
6.200120027267244
17.27730749718952
30.30144841910488
60.07665839633082
48.84329378906573
171.314042719139
4.235100746156163
58.39082800644156
48.34513534947255
-19.18378902341877
-10.1775242863127
-4.931292987580207
14.20887178386508
-8.210510285401089
8.657710368754133
7.143399303389748
-1.903085255942128
-7.643774519239151
17.27764257158459
-27.19832595164931
50.37153099441637
169.7687814787793
-169.0802760084595
3.230738639830164
119.8201475982807
-33.4154909098832
-17.99340112854923
16.05132733834655
-18.0461957719054
3.466425135813064
-7.124227780800005
11.37335725181257
-9.063097460657772
10.7812801246849
-12.90751907606284
11.59359500080115
-1.246534336691057
51.40306851050893
-193.6031051480282
-2.013587951658776
-151.6372067438866
-87.14512744082015
46.8219434421809
-29.29586940069678
7.483575616463668
13.06593628606906
-14.80947620408299
12.01720965710009
11.51934430940579
-16.39658251998443
-7.334150740848492
6.124198702696817
-15.0263666269869
14.30169769149297
-107.7641062127795
188.8320252707779
-203.2566273446275
-176.5776746727453
51.10543458849087
33.88457317066202
8.589889623905352
-3.756548872589495
-17.57062495865509
11.10433031623942
7.080447143293759
-9.383803250586297
-3.67876324147595
-2.823317494966322
7.242913099051029
-22.47810823284843
-44.44293284682004
-28.73930783053445
114.0506217184584
72.68337905675286
108.9409267146528
-50.83399846706919
24.90991037358119
-28.67832396975293
6.831270594645526
-11.26561824392869
9.974342724338779
4.876457438319089
7.301972745958818
8.377729455274187
-7.752155644829235
12.19142920617198
-21.93882471083694
45.26663695214354
49.07619808048889
-123.0738037244016
181.0871212498978
77.15385236452924
7.599649352982599
-29.78566724960579
-12.34183148311377
17.75997963510983
9.062021590659018
14.64805069448854
13.99296597371302
9.302724074961853
-9.099288872779038
6.273547786328141
-13.13699134925594
27.37102260495283
19.0061647633023
-61.12589409393023
-194.2880400343876
-168.3526956384199
-146.9544146343814
-47.7441308242076
107.4202271045289
52.79001237603996
-28.75864756426877
-4.621494776971854
-0.139735862215184
3.386805776253245
6.371524014165667
1.491208558448636
-7.632439960130807
3.560342656745937
-8.003253546029843
-31.21116458547531
17.60223893631395
-194.0025573859946
-168.3526956384183
185.0064088024585
192.2784880064634
-73.9766134646117
-25.74842232775927
-20.90579941129879
-16.27922387200801
-15.63688635925367
13.14082539972357
-12.48748653965434
14.36606629498116
-21.68082491258951
-6.917528549320054
-7.848179537046238
-20.66095083776291
29.35002216281605
-120.4416273258364
64.73028659820419
3.281760354636882
-2.513000358230701
-11.59131589255888
12.56693073701586
0.6306497882696535
-8.613371295079274
12.24115133988498
4.874823788500223
12.88159427987858
3.432040099418131
12.65467510471886
7.211328298971237
2.145145998423743
-11.82416092678679
8.743600709153871
8.623614841140064
0.7486948181556285
-10.42624057220676
11.07047810686488
6.454545648560204
-12.63043409205495
9.075294297731373
13.04320661944207
-4.251817008942733
-11.66275254595735
-2.889247261913122
0.4015841760550347
-10.79502387604591
-4.983500923009086
11.42399374585361
2.918504168684856
11.85165364994739
0.8033027306851753
-9.607381952787932
-8.820296249322906
3.732532925726832
-8.188815515555834
5.982105986525577
5.414289664092412
-7.737491209118468
-8.625718375755502
-6.005085652122437
7.736126718293561
-9.868973258132723
9.521001387321812
1.673354430078307
10.35706834716515
10.72030650565033
0.2187430466910338
-12.9562314161889
-4.820429962596656
0.9062157510086619
8.706779387562133
-12.69703504926566
10.34871228379363
-11.03249720478751
-12.28011490491406
-12.07414127834057
-5.959147853425491
9.937051714800649
13.24845260682908
-5.859342137594762
-12.7968367340321
12.1453238595789
5.952143499098461
12.98346269364919
9.088951724742182
-8.183485408433476
-8.721910445519731
-4.307887836402392
13.05201376573822
-1.39959571594329
-0.9458515961115385
-10.08682039835609
-13.12663631752158
-10.48909737328617
-10.2365668608271
-5.167135503671235
-10.05597504925855
7.52131608778209
0.8753112747518509
-12.76749110547621
-12.64570355965191
2.404536459206132
10.90582856900152
8.571653610410893
-0.5019030188749565
-12.00540555169659
-1.720835965915006
-4.792451478753883
12.91826732695597
-4.041737816702673
-7.400840002451201
-1.830399730141381
-4.929479748691988
-10.80549179917829
-12.66698829668909
-2.817768394663325
-3.375687833490778
-6.040320334134921
-5.214363655935775
-11.389305228395
-6.091005958377076
4.586020084303495
4.346229985461661
-12.80199523139707
-10.20948248070516
-10.42580587655587
11.67799523537127
-12.47986946586669
7.828678301718431
-7.423990426663767
8.325116146307545
-12.33245796351619
-11.95745988813776
-2.806118832514407
-9.540636326556198
-12.12937145798154
-9.262087836041847
14.7161889860586
-7.842078051075744
-12.7171482751785
-3.882896247069219
13.0048579479842
1.376616313363605
-3.505460756400854
-9.450848565092171
0.1348600373694264
-6.417490936163269
-6.037240921983645
10.12115874833021
12.35797431964999
-6.235887555606315
9.059958066417396
-13.0861921735764
-11.57746617443564
-13.6704380701266
7.530128216747639
-11.86809308893921
-0.6112003547316751
13.34542783744568
-11.47315700289877
8.16204046624302
-10.72385905925722
12.52354309922425
-8.571613887894113
1.319130719099372
-13.32437023183212
0.9201483571053063
1.782523058616901
-8.612036236325766
-1.542630767622484
9.371836254822961
8.655848441876319
2.290613908294686
13.43048055514496
-5.790516311990643
11.97917073266327
-11.45439007779046
2.820938331345594
13.55155058967497
-9.425925043998646
-13.00973946351661
11.5844610894585
-3.248108706710207
-11.61959538206549
13.08512062628704
5.25567607702427
5.954947043575794
-6.733257261133208
-11.0494182729338
11.67939318933132
-0.1365266480165222
-12.05870534620894
-11.8457709563359
10.51377291904765
9.72805727720092
-10.68589788692957
-2.039906343125187
13.16748546202944
11.19403455595239
-5.207196179550207
-12.37176114256689
10.22842462106442
12.80688051497641
10.59062076479519
1.159263584075197
-3.476078747804343
-10.99959886007134
1.154650562676107
-12.99233050683427
4.322372177846591
-10.61033636368562
1.255736767199372
-4.714431696311078
2.946788114826422
-12.88101268688911
-9.321737631810446
13.01069800217358
-9.086174432413118
12.20225162166751
-6.957064412147898
-1.330419034266514
-0.02834503860117258
4.816318300101999
3.604083556502694
8.011056254965272
-2.425300432696533
-6.59340879642691
-12.86546151780759
-12.50683388938662
-5.594082190551862
-9.422449807571631
-12.61397826578947
11.02104799587928
0.009744578027470537
13.114794201243
-8.985663987068538
-12.85692371678647
10.49076981774406
9.391313743256152
-14.60761748664178
1.852839428475564
-4.134505026483018
-7.209401519335897
-7.185380164091689
13.13685351097007
-7.212447893922835
8.884806716715692
6.287452010454625
-12.7398458137199
7.376590664641862
12.63792797511118
6.916887385160464
11.3667013943071
13.08656593932125
-11.20323864068302
8.928238796676061
-3.711778979665031
-5.058915548914706
-6.95562175300184
9.321904521915886
13.54877828001529
0.9557745693123753
0.1068247551481156
7.543725402440148
-9.18449235834081
10.69724909730308
-13.00300016038334
13.59542415070241
10.89841269171314
11.17032433426389
12.21033748862252
5.162993557963955
-0.2432203670656881
-8.219778755491603
-14.67501657785002
-11.2753882209818
5.902153589489928
3.567371030762983
13.17329656884285
10.0212898551689
-4.76154410768456
12.36976131114058
2.704229576736615
12.83170688106664
-3.549858001428135
11.07189082762049
-13.07804754351822
-5.595018280725153
-9.422101363176733
8.025804767983931
-11.66337723619558
10.74336610462035
-2.372989414070083
-11.15434037212324
-2.473913008945667
9.262602894367838
-0.3454879631268216
-12.31086444705367
-5.889154289553487
12.71670175523322
13.07642860241677
-7.411603666966982
12.03218138466899
-6.068037404696447
-12.7051621527998
-4.887567426542505
-12.95825698651443
6.656574430661547
12.05895174833632
-10.92192722960919
9.879658440177922
-11.55644459483631
11.93004558349777
-10.48394342617209
9.841259518811421
-11.56501189247988
-10.51012479068332
-8.615696904931935
8.854432824193832
-13.02440622128617
7.751617365067599
-7.231345416248054
-13.23646917476172
-0.6167179950755164
10.69155774738154
-15.43442779959796
-7.362659911420536
-2.12378920303405
7.966780352421479
7.293299943514755
-4.799062611327453
5.280995435916352
-11.77313958359734
8.654474844328579
0.1443131567278892
11.84819586178922
2.81195914328607
4.978725564173945
11.90885182379355
2.281155423139375
9.307265808943791
-8.550645369700552
-11.75617563116128
10.61971765529092
-0.2203313147274743
-13.1151463020429
13.20211802832466
-8.617694136876208
-0.06043897821992002
8.204488732148818
-8.511332283395301
-12.1825964575849
-8.658522387246613
-10.89388204722092
13.09175349709642
2.286829260390813
-2.674090710701563
-12.75838560739268
-3.858396333647806
-11.45940273414407
11.37121112100702
-4.571676839652357
12.89386954499074
-12.08697891844765
1.713737092082426
-12.40924571494346
-10.76928981405469
-12.95639838122533
-12.06227841470198
7.412698148103066
2.729348650665987
12.72913272224257
12.56122660575813
11.4682887691291
-11.74591664913194
1.287063627424616
-12.98359948289425
10.47641926816428
12.17404974387413
-1.015444423801313
8.085491668051995
-7.878879715216765
-5.646547168223762
3.509169712127973
10.41470525408955
10.73148648673587
-10.04799028433187
-4.217909400573467
-5.231413534755395
12.73473170532132
8.939448647734883
4.278466159749092
-7.036195549353792
-3.262338889755584
-8.312044861944518
0.5800849687740675
12.30567095828501
-0.8337786609714934
-13.05790246522347
-12.56928719394621
9.073375881440773
-13.11031953190398
11.74187364601317
11.94668568829107
8.66305245044391
4.913544126199773
11.81038972569036
-9.71672640487937
0.587824891458166
1.88644387438733
5.273328712171773
8.831596855747495
5.074220611453846
-13.25205052819532
0.2064602205508233
6.897384038732286
-10.54472322281679
-8.057668644372875
5.740304450093857
10.92873418047176
-13.87503389692623
-3.472221705300675
-13.87138611405384
13.8120026078805
-10.79495650539569
13.58695363120057
-7.760714511480419
13.0930480753888
-11.48789034019647
-0.4490555130135205
12.40715029051234
-6.668353963702159
-7.781489704256006
13.62899151109781
-2.744753242002444
10.21906624087181
4.646991644710783
-7.461818390959657
-13.45066055456362
-7.622294885996205
4.274493757413187
12.80546493783427
-12.17585886375451
9.971766566443629
11.72144612971796
-2.4205916529285
13.64945140067267
6.694869517338334
-7.102660148234918
8.839569331164043
-8.909933404973632
7.950656199417588
13.11664610964107
-1.665614082196049
6.978518647908359
-12.18391709742026
-4.693821325168322
-8.302904388889756
-2.943266819923342
7.318575049148119
11.83990980582333
-14.06232858580598
-3.169492654848665
-13.07661032044769
-1.31662210151126
-12.57630061461049
-7.614252240808825
-13.06497835185334
12.16973840384815
12.82051113784918
-1.486349219284308
9.231878925482599
-1.277081339366172
9.445963163383892
-4.441125055176794
10.95494383597598
12.84628699828511
-11.66614424751607
-13.52336922574514
10.9343562731085
9.992126973289704
-12.68404747926955
-11.37915929379785
-2.9357053871004
-4.429254429481615
12.06974166991565
9.48030642840274
4.117250945588563
-7.369227836476243
13.36646406508384
-2.260623265925954
9.839725254943479
-3.000728952156626
-7.852756217821204
-7.082880957698554
1.55734354566729
-11.45709534091325
-12.2462938986856
11.25968356295198
11.5781524107177
-3.762354215275479
-11.66922956656319
10.45821736545276
12.33165857178433
-5.181089681188655
11.68134788106895
5.290120134511986
11.92116140134901
7.562631785010457
-3.942016294474688
-7.779673869524716
-8.20355191330726
15.07272256361856
10.66262815053477
9.644365067972576
-9.54956518767319
0.01725879352103116
-13.59912312586873
-13.62892002829983
-11.34233744637785
10.11547137732353
-8.325446569368808
3.797832976325886
-0.7119917819363163
7.997356561114789
7.586018424680258
5.607811263829824
12.38640301351331
-12.00631278611088
-12.52281745821624
1.136639271907736
1.090336292024824
0.3569214136226671
0.1812767936014265
0.1333367516532446
0.08321105483343337
0.06057266119772128
0.05105344447187435
0.05873368204512687
0.09093230228787597
0.08932696190099472
0.09109546509011578
0.1507206465813221
0.2982784111777526
0.5870599787159679
1.086941793273442
1.091899878953419
1.144260029636047
1.100276824878681
0.3898142261532877
0.2182748047593231
0.1207846162098917
0.07546841432554761
0.05441671038486761
0.05209602278461139
0.07090350925633071
0.06635966277938658
0.05787231862894338
0.08482901104204389
0.1566119330579663
0.2921395927447452
0.3874805254223538
0.3281186147664671
1.075856289975126
1.091351099721018
1.083284834892018
0.4714129971842015
0.2276277431412704
0.1274032237926809
0.08125861212554579
0.06704895263772419
0.07829938640913366
0.06803316032171403
0.04815204683321896
0.0585319105545435
0.09529406256252369
0.168891355077347
0.1825872575016567
0.1599611252261231
0.3567545021108134
1.094614828719642
1.10821116293216
1.087720676047417
0.4653660153844439
0.2272117408975487
0.1341181263930997
0.09878989237004229
0.1085080917219705
0.09394266292498815
0.05949782089428939
0.0605999355457003
0.086554133523376
0.1454963635156357
0.1431154764348744
0.1168666698762831
0.1940164945025387
0.4319855922575264
1.085165542321143
1.134953707895453
1.095012786540553
0.4052628506775326
0.1864007799881179
0.1195158645748887
0.1204026464914082
0.1047845287877659
0.06260342493421724
0.05828780201614337
0.07766356079950124
0.127541120518946
0.1234281224869719
0.07115138856174209
0.1070848166110287
0.2095418879742197
0.4339442631314619
1.090547967759627
1.142823022579611
1.097251370668521
0.3863330451398873
0.1728207764365045
0.1383550864365121
0.1153287513262796
0.06179356723474613
0.04941294723847799
0.05840907883402834
0.09060909049468352
0.08450735381362384
0.05150678404122638
0.06550288819289453
0.115594814670902
0.2097882385706699
0.3761152875135382
1.081979120207836
1.141087345672995
1.080058660607311
0.3911515828263168
0.217539858213691
0.17359031553309
0.08284103155015991
0.05593003024029176
0.05440896042265737
0.0781686166460191
0.07057824468119085
0.04460854870682644
0.04736076262426091
0.07315739039367952
0.1207236845508619
0.1677469697206372
0.3573679422830962
1.071032805557592
1.130686994233677
1.083862878095303
0.4309307082775245
0.3054279945932286
0.1342733845713061
0.07495414460608651
0.06070239726259565
0.07852050250523553
0.06877512720107301
0.05252838828086555
0.04475033573661862
0.0581632690146134
0.08567851887181828
0.1033534818474677
0.1509387797769476
0.3574861654508028
1.084002368281746
1.142070704269362
1.083757309233432
0.703693943753381
0.2891215694958765
0.1360428879867149
0.090356397148477
0.1009386691358973
0.08733399992738251
0.08583182975000961
0.06536152685764854
0.07197427694223506
0.09749753310270463
0.1058898639191929
0.1180532018074933
0.1866841788267184
0.3805735091641581
1.070192602044667
1.083667433982344
1.096159056742332
0.6284693320668103
0.2775991688886601
0.1666906220962225
0.1685458929794131
0.1481037653604885
0.09137055238180843
0.06760969691868457
0.06767412895714327
0.09104976282235878
0.09662391271768156
0.104214493443884
0.1548046099424162
0.2735425981078648
0.6490984119547754
1.090279584921408
1.124943027162521
1.093941079773064
0.3909545433859867
0.1947931737821031
0.181734989860538
0.1580094075752751
0.09708699194184303
0.06135208482804737
0.05089589108659168
0.06019168824784144
0.05974040162016252
0.05748154941860376
0.07716778483972468
0.1241924070135691
0.2736941434210929
0.6042233297869033
1.087649660095004
1.125874907363003
1.088516767871914
0.3720285380228338
0.2200694734557063
0.1785102416238438
0.1591103703106997
0.08886278998117104
0.06178620577527306
0.06133049602908554
0.05706441465615593
0.04657440954655268
0.05088859331191527
0.06797191158872758
0.128305541094857
0.2637657017681904
0.3672062522314276
1.088907167762824
1.097101892913061
1.07396484567542
0.4322631613786607
0.3042339254866034
0.3126394968342184
0.1631932032815894
0.100152844844187
0.08903883706413006
0.07778837758996378
0.0553754395237705
0.05054872260174556
0.0541632822651415
0.083122272219621
0.1534127335899688
0.1732112045372168
0.3389567909838848
1.078022911450743
1.146061631706591
1.08712061339881
0.6161971807754708
0.6120312515151614
0.3033328684132515
0.1766438117641525
0.1478740354226828
0.1277080626173227
0.08708912547304856
0.07282492997955074
0.07041492959190021
0.09141285795264308
0.1545300825053633
0.1575001802855971
0.187738133769512
0.3783431394814643
1.072274119157193
1.146061631706591
1.091410733344591
1.093015443603596
0.4086999531265784
0.1979101650662418
0.1578267346955818
0.1328246819238503
0.08894531619312718
0.07307501477631305
0.06914676576848486
0.08750703278926514
0.1449547620124925
0.1450071409376692
0.1585780893030411
0.2718576562342812
0.5652310190733261
1.088188263565779
1.141087345672995
