-15.51503818819522
-74.32450948878748
-62.66993902369228
-0.5518665747244308
-17.68307239979463
-13.92219374687867
9.281193098459655
-2.007467143461842
8.812694340303619
-8.776504725127397
-10.16926949924771
-19.53306760967091
-23.68317794972571
-33.72781775031353
-12.9261054432227
-114.0735484697383
150.7585612129831
128.1817095821111
117.6816692263692
-52.27972897566731
6.3176124602513
7.831149605714292
-17.54084813829227
-11.6136593951052
9.576889525526806
-0.8052314756207539
-9.738593766797036
0.5053913000994394
21.19778597717618
23.38357408191499
21.22133445398202
66.24262926379653
-52.28441141467076
-134.9013478710988
181.1523396396287
-135.0923120365098
-72.07429513783437
19.46056455420576
26.27291966746998
1.295726911314493
-11.15056085026474
7.908012724576921
7.669072875411565
2.460352951488633
10.07627542106109
-16.59110729145753
-15.23539611557547
23.02945865991649
28.13689261419962
-24.22349322385236
175.032685810524
196.1544245365494
55.45372318005029
-36.03677588079473
38.70265868738223
-22.97298548578205
-15.77673282356598
-10.97539688133621
6.893646861987574
-10.66721968360535
-14.1237129170133
-7.044006840853768
-11.18071228632839
-14.65727918568579
16.53054520194748
-23.62708087011711
-18.59343730749703
-114.5647474203239
121.3036463149289
108.4007860852188
-74.66804983095041
-17.03018978883048
-25.73722652893876
11.62486233096428
-10.10387309072594
6.470380321872982
7.995674892894425
-3.106175160425562
10.41699109370222
-5.229286298524199
-4.93348741628737
8.69968382011624
32.0630554282999
23.02929914335164
180.5105257868763
121.2301014072629
105.0417038922351
87.59909480270619
2.063374260738565
17.82303275897496
7.312700924631179
-11.36360241495961
-15.59306563091032
-15.02967184150999
-11.22827156491563
3.588490599140506
-8.872584737864129
9.20821896730293
-19.23807676325931
-13.56867879647769
-82.16811225395988
-183.6245248041483
179.3431349110465
162.6355256675682
10.85735539485299
-33.70214007486777
19.25125616660895
13.57475850085395
-4.091634546744793
-3.096388794117487
1.223765726322259
9.3038423263216
-2.468593514893192
4.657280145275081
-12.80425939673646
-22.67745844015498
41.13882345561105
-81.40557922274898
-113.0981103802617
-196.1544245365497
93.36987325288929
55.99452342020798
-26.91590444322335
-15.95453498659595
-11.27215069673672
-12.0137115016419
11.68598267822077
-3.868693607109611
-8.334833358027739
8.313129198454458
-8.609130925266529
14.39070777814966
23.11305875313107
38.33205875772474
-4.366806913525351
172.5393340628246
14.22463374744564
179.9185789690768
-67.89605820197568
29.70238643329304
-1.100218979556034
6.379810614178703
13.4700124053487
2.508099801536277
8.994765191058853
-3.217732204986842
5.652998776340696
-4.146704095661934
14.69862300414568
8.81983710426997
28.90766365539057
20.35072056624182
133.7005553500626
196.1544245365501
-196.1544245365497
50.03866503449582
-37.56348961316498
2.377910636012702
-18.63173947102259
5.004250574989702
11.2596124391066
4.597823066189488
3.203315052830206
-5.179195737639934
-2.343205367799885
-4.13648165652713
-19.30580993464825
-4.672922527475145
22.38695174527006
-166.755116763805
-118.9259356686758
-32.4040697687636
69.11827346783225
58.22651394926682
-26.78017888306238
13.93153984674225
-15.29412958653854
7.205747462164652
-0.4667047169031101
-3.324444377073371
11.64241802243161
-3.924847748113505
13.38760440414966
1.757836533821939
26.10187191813471
61.41859381772525
175.1926908291534
-173.2105658786444
-153.2555005171551
104.9507614743257
-36.69627560997236
2.610598544546785
-14.66971928222732
-23.25097778431409
11.25609816875087
10.60753934160689
-7.200933135919867
-12.85240207105997
-16.86147991652071
-12.72296473110761
-24.79916870738817
-34.023518471462
-3.296832184971839
128.810299923514
152.0310674934282
-60.65307206704712
-45.6674885561781
52.31758615309557
40.61020451458271
-7.950609402404821
0.2386523138698079
14.43066934133513
15.83331848029832
-8.542276321466623
-18.16330137975555
-2.547772289696919
-18.41125747917393
9.723072718374416
-1.738883839999364
-78.59042430976847
185.7099713810373
148.1292410750122
-117.4819270837179
65.14555518339638
-29.77512192795851
24.45794547855093
-18.26510732389051
14.09661549209393
-3.975315680236185
-4.110397440789132
-8.945697441213852
10.68446981231051
11.86430714452724
-16.70287868566205
14.7560598621596
21.83776754379982
48.27928899552652
-188.7920411457136
111.9569801409841
155.2408542684883
182.7592061832198
66.13874111661495
-4.687501587068242
6.457853994881733
13.40341282531397
9.840422883621672
8.648145191845938
-6.611516648812391
7.450145011611947
2.258113353154569
-7.968882767720207
1.52138155948429
-16.49521114422453
40.8633616886986
169.8734208488443
-121.2301014072652
-202.2674011030993
183.4005921833523
-36.82440544676345
-32.56041203497388
8.200491963023872
8.483912409269418
10.32018378390255
9.664304910451467
2.360532189771857
-1.082093281216336
6.366501110594719
-0.5120610236708364
-23.76738895731264
-17.12088147566772
-66.67455856053446
-158.0483385543381
127.5140198583807
-158.7384294602869
-157.1789018283203
-51.57428489725447
-31.6072408855458
-20.76359314427588
2.566243599861117
1.252515376734163
1.351434310647453
-8.28000949370001
0.7586501514064942
-14.58911103520097
-10.46295778499262
8.026749632836362
-21.05619910310507
11.78742127773221
42.75485917513348
-144.0430088988024
-84.80313276140085
-145.0472328917791
-1.155587141241423
-30.88693720834716
-3.430990247724155
-16.24946489439545
3.864408378147012
4.085102633760196
-5.070100076964761
-11.83227009956534
15.28689362265199
5.796501150542658
-7.664077360257276
15.55480303820478
-7.399034989725703
63.41297823223076
-90.85254463963436
-17.78486967086929
189.4545748425829
-67.04471850765721
21.37974610526752
10.36362504433865
-4.407791780040835
0.9237571366901531
-7.289444741407101
4.123620785804239
-8.498753858878986
13.72899264162465
-6.138749197761945
7.839099999796027
2.82703233939947
15.75534102689458
64.16890130619652
-157.5527416795919
-168.2509809990785
164.3851215176327
51.96549382051819
-41.85435443782666
-5.725616096938683
-11.00436922002177
-7.855442448213907
-10.8249877376094
-14.77608595686696
15.0919488386037
3.999120127448005
10.74709911430048
13.02700438493827
-17.00561020611194
-3.74781889906428
66.0438504084527
69.61551364545402
-168.3526956384199
-166.3110313292898
-4.083414867068846
-44.89456948854005
17.57940641177269
16.95055237306928
-11.80888765237629
-13.52196642453616
11.51236715832707
-5.847692663521998
11.23095580404608
8.762962067069292
-12.87887240588249
-14.12780165297086
37.82611243223261
14.56799320557303
-63.70677292742145
87.98076464471917
-111.0878498582138
-77.933551176885
5.137334782550368
10.88786954195375
-11.79636258818695
21.24101741113569
19.46897346771956
-12.76808640688417
5.999084550067924
-8.765848355097898
9.663783528940462
7.367054245549137
2.025087310558724
-7.748421075232972
6.139049112883506
-158.120431365102
-29.44203615188461
175.2800474916655
-40.83974628911319
18.30721911601384
13.36984547733488
-18.40885876448763
15.01272143160038
-0.9658864598152451
8.301572078269617
-1.947557029285298
2.934670431567944
6.499550620050194
3.192336971991097
-7.088777628305629
-14.62352007014154
72.45823244466297
93.30567640211727
202.6813788769917
75.71317318187289
37.65812182263817
-17.26510194355979
28.96073508774169
-24.51287577384342
-5.179656846344981
-9.719366457074299
-0.3040893921558813
-7.446993329546744
6.452407902107264
9.449805556037512
-3.025838966477918
-21.83194765274449
11.93074489692799
-62.17319418351698
-142.7255918086331
64.73028659820419
11.61521673202652
-51.58101361420307
18.17524971506897
-34.72728038842954
-3.823591235966598
10.74998309709265
-4.378479513889941
-8.556041272484984
-8.359996936059966
7.737397531527781
-11.58227689079838
-16.33230622686154
-3.67911042278034
28.61336852774303
-69.11396117293468
105.3903415481812
167.3934462152009
194.287481359929
-42.30175109399221
-6.090607222910393
16.11289282040884
10.7081739656835
13.18351252691525
-12.65908314540542
-11.7738840369856
-10.24471242220865
1.195216167271288
14.46687534683623
-8.307011075684812
17.76458827442734
15.51108863138791
20.1689672779958
-88.88334706990709
-96.46227705887034
-124.0606838104988
-47.55238782342104
46.33426209587412
31.52240344167176
31.21371975818088
6.117318909978333
14.40180165287779
11.87780629576656
14.31036004737338
-14.5197739992401
-9.756527186388601
-13.67129696119425
2.191054868442942
-10.95559439955222
-72.6880954657218
145.9071588766666
125.7541085132892
-187.7865591337411
98.43999742192437
17.22544166943928
-0.04836497094332615
25.48742856814084
-19.11822254023003
-7.414145643379717
2.773784322271491
-17.07434897593982
-5.288780345587962
17.58092461337431
-13.92428316887817
-29.53798677173024
53.05911479625879
-72.23564923256214
-55.18364527190551
131.150442257077
-155.863106463386
41.45638428624363
-65.97136366722418
-21.54258914252502
4.93980870845744
0.311522036262025
-11.69622210707263
12.91125275713446
-9.351490800134156
-3.36902180534468
-6.667966374729684
-4.481041103638923
-24.84097336408546
51.20531775533682
91.42102645904559
-45.60559885547515
171.0772613928445
-121.314884717257
67.61993072797837
-27.55944638420896
-30.39170305224041
-17.46941436319427
1.888929119098486
8.448843751144301
-7.792815435767821
6.289560976912068
6.098578995782117
10.66632495804811
-14.41088444479792
-29.86891513089765
-49.99844003683868
60.68168362138423
97.90769893794501
-168.3526956384183
-9.820887645204811
-10.76284749925877
-3.078256654883802
9.050468674708844
-12.09580614096789
-12.53593016543445
-1.14134176342036
-11.40397242164751
5.661644177754274
-6.651165538712859
-12.223482051661
-7.980625345734556
1.432970382037469
-2.858954499304841
7.755439544938745
3.172478028878071
-0.145186208386286
-14.11831339228567
11.30379533094308
0.324876542693479
10.78462261616663
11.93785385493992
-10.16546674199144
-9.624182375744441
7.105992285331065
9.359606213843279
-8.952157959767966
10.28803983953916
11.80844801282265
4.296953982801253
12.96379694516764
6.537011399742908
-12.59676631987165
2.173718857036425
-14.09277232373285
1.750901597099837
-8.757639375913566
12.70246846269922
10.00501536008944
10.11876354689145
-11.37310776837102
2.583270220156804
12.431439256248
11.50141443387443
-3.744562350448602
-10.81623516441389
-3.116712926734092
1.673938251385376
10.56961884340128
-12.12573919632398
10.4895927358262
-11.43549280517082
-6.091644187191215
3.984811168772559
3.249662146171285
-11.91163912913736
-6.096260814083629
-9.169202897976991
13.07406612749582
-11.3878738112998
-1.909626552607486
-12.77949942327228
-2.51979672275959
-12.07423609695277
6.219834764603444
-12.45905760726786
-11.81430265153892
3.238490870700561
-14.3702575921033
-2.5215507784784
-12.53934834046587
5.463890270676621
-6.767550642904201
13.10227259390388
-0.7047174247828483
13.02926388545333
12.93770525542591
-11.86565413391965
4.17238983323594
-12.64829121475655
-12.6386000926314
13.10936052479221
9.668373592726304
-6.565543584233494
3.563821150207119
-14.37823851255401
11.43085661108225
9.321310835734208
9.810278821098249
-0.4213335010977359
-5.451144448819258
1.204724047698789
0.1407295236299378
-12.79563939633
-2.937616116055128
-7.004227866459385
-13.0805385766887
13.3213817697824
-0.7112150119655553
-12.34835484344733
-10.05618913588469
-4.365333870703534
-2.532373851764841
11.22255258148689
10.38616367160773
-10.3915052837983
3.177224051676598
13.20985346870446
-11.38685211441921
-11.53864170763402
10.81263026906348
1.941858876631424
7.806359937161818
-6.299461442409257
-12.22781946840334
-9.160520427934854
10.0690450494691
-9.10221555579469
3.323888873678744
8.386859449263481
-3.336055330864083
12.74103843176994
-12.73567305876556
-12.9796646560449
3.472637237529586
-13.0428950603156
9.44354835032447
-12.49376388917601
-5.546628021022578
3.522186616529318
-12.77740283662626
5.661454803547207
10.98697479756263
11.49058329846001
-10.51186072393932
2.512937037453569
7.80613572264358
3.637803670429509
-12.34307596390972
12.68936234546525
-9.936780992349579
11.72076421154484
11.74986143919791
11.64739451912972
8.243572391187843
6.75935812716184
-2.046005189126757
-12.57764689849763
9.936862340593571
12.45173103988783
3.827721326077322
11.89223010670407
11.55850558103888
-6.787166277959677
-8.172767444204991
12.8506312024965
-12.07179714193322
10.03525636907859
-6.742634758368155
-4.90514100051037
11.39198367104775
13.12137828189242
12.54542040828448
-13.06682700518769
8.382668241271492
7.817780139569683
-6.356490545508954
-11.342748079492
11.9536514596241
-10.90571539781555
15.00407525129109
-9.617576499581256
12.52457577513835
9.74312124633445
-12.50341571435518
1.209120065566361
-13.13682031085206
13.29663638084515
9.798935672852968
7.309915995744592
7.110765511883135
-12.26918036272473
12.60442486471588
-9.59025109209677
2.330050939886499
4.929042399152777
10.68006032407491
4.410841530847999
-0.4634446812609435
11.96241013268734
-13.10021599279181
-9.161337903063991
-13.01166263765848
-11.09560834104432
-2.473351042759429
-1.947998396754762
-13.2985467732067
2.398728753993268
-2.165606474915907
2.02310257769262
-9.689582389759662
-5.222034556989507
9.63464197373138
-1.753790946456077
0.9918129930688135
5.810736024137214
-12.54331687366893
5.525793941339268
9.380853719698452
-12.46518631091125
10.08286326975726
12.76172990819612
6.841768619695642
5.519653307056879
-5.459359185646065
-11.90625058344332
-0.5707562107864921
12.84179504969995
-10.89046634855627
0.6363054509210568
10.14277821718344
1.293327253240975
2.586622157505558
2.798924840963275
4.856011469617654
13.21892704337027
-11.41095121241403
8.790043998282981
6.357450461341655
-12.14680109601886
1.573461532193055
11.13334307053618
12.39391930197023
-5.295875325096276
13.19645234217119
-5.96375890952403
-4.702762141395173
-5.22811229606535
3.296198188148355
11.47435502918891
3.995758492742247
11.74389018635575
7.626869104953787
11.96032314789895
7.563288958769431
0.7230982279368351
12.99011258641038
-12.9376008349561
0.4685039033788999
-8.645950444111598
4.988418818582169
10.33624721181559
6.789857076821757
-3.302636911188821
2.230375045532765
-1.422775572226947
11.38905545675844
3.76185091020497
-12.49063798570647
-9.289653320125588
-4.871527440718165
-3.516533196805341
13.03568849782847
6.439408052596819
11.8926380259996
-11.25404613663347
-4.592408626744563
-10.33133122641127
-13.02219538669716
-12.68395630431876
-10.30833454511409
-11.29232950974986
11.60530716959594
-1.227637283274687
-0.5551473989971564
-12.89648366396996
-7.103820695467491
-5.050834014559773
-8.229092451751249
-8.876866018303566
10.99290556765421
-9.048027162130758
-9.540994485644395
-7.927154820981293
5.3298642796368
12.40274131222625
1.119742118614438
11.17503430507067
-2.334142254335996
-11.44276634153352
-5.419819242683088
-11.28252832598444
-9.413459114186354
-2.542278654488331
8.204535087959576
-8.105926345088266
-6.457411977407467
12.88039254726919
3.801565304849355
-6.000499815270024
12.47518640017838
-7.374085559928095
-12.64466327050489
12.97004919742676
7.532577831475384
4.347597278737505
4.749863438522038
-8.959637067549419
9.576396398338703
-12.34702843531896
12.66992909614158
-5.310157453913182
-11.54122735211084
-9.38111373762538
0.794273716011305
-6.517318224149713
-12.94547720110029
2.34774590664058
-12.83823997463621
-4.99870745002335
11.701737750588
-4.089895265192158
5.482957359321794
-11.33162961549822
0.298117959438024
11.12675559266539
-2.716604957224084
-11.96920390509515
-11.25942859483813
1.432214103990018
-13.20128278496718
-2.057960209264359
-2.461155377146111
5.749950640395163
12.6273601581323
3.492096041022779
3.974768994936638
-2.227719214906287
8.99260198184267
11.38857665005943
11.34270221359958
2.472542215565459
-1.299828484128958
9.045404646567029
-8.742630745822188
13.29008463956429
12.11103420138957
-13.32080752417884
-13.33716727396177
-3.403668296410148
-12.98184801950581
11.3362305379905
-1.927994888554226
-0.2319619489067824
-13.29034861939785
4.643641863674401
-8.450465226238549
-10.89636586034299
-14.61267404873131
2.798305038006387
-7.80262835122651
-8.268140248450781
12.99031043770955
1.435595433944547
6.871911236495352
6.645891882994231
-7.631620252710818
13.25646330235798
-10.61285332272371
11.58480820676833
-4.846160974153226
-9.480625228050098
8.26771865886373
-9.284391723188277
-11.31239759973857
12.79275746283462
10.83411226184723
2.345335206906312
-2.753163588263511
-1.307281894893522
-12.78653672233867
0.5091937233932895
9.11355312559953
3.988565723606376
-12.0461780459024
12.91531680495389
-3.359156817943349
12.09315273217061
7.242738862578909
6.317017951494969
7.89596740186396
11.55471502515278
-12.40748252311689
11.0065588420622
-4.0213614415151
3.428949585453163
8.790348654747826
-5.974219290705665
5.973003801842125
-6.218719366655131
10.10814477922422
-11.20620935085898
12.89566249055272
3.2109706574546
8.35365830906667
-3.684723431166362
12.52432390487913
-4.846030039680708
0.7182509015082263
-12.56721328800366
-7.923286870328091
0.158941428195101
-4.586810956692988
-8.117091110349726
-11.11688896630649
12.06330665538356
6.523327542165356
-1.639642210145192
-3.997325572683988
0.9965510314243484
-10.17597509373508
-10.62117574033654
-11.52893170780084
6.729546885930779
-5.000399422216638
-4.132109836512893
-2.342654139815907
6.327532989164138
3.147065433524848
8.578401848382461
-3.893907928745405
13.19260565845999
-2.129040552408053
-1.754997271664811
-9.091587570947667
-11.2844161717002
11.42670855731102
5.354471257164589
4.390134942615589
9.433253504964856
13.26074651598371
12.40544393407109
4.914766094647669
14.39984709942978
-11.63262454344731
4.906565194815887
1.099040488372053
9.771359954861849
3.933571195768626
-8.12836845560105
13.48773556840456
13.59187240065171
3.040853410206153
-13.60111419579138
-13.54041003164988
-13.65989443386739
-9.739308265838856
-12.59688228187573
-9.415288711060345
12.04763440504136
-15.71075990684322
-10.3421184363849
4.324376579384484
12.49062329226315
9.917349187506689
5.782033100005534
-9.29842422299501
5.071248150438741
12.03623292246449
-12.74554280643865
-12.64149171105282
7.034306622622438
-13.79280625122347
-4.741875823772289
8.370668811661991
-13.49738149042867
6.523710217979804
-15.71385388563924
-11.63841665217728
13.35343030051014
-12.3018322545687
1.298207573486561
-6.944615922564304
9.99703035000822
-11.80177913581264
5.479908862689411
-13.33611399695715
7.239861408657019
4.776906966703094
-12.22620452872977
-1.741227963595961
11.79508225744772
12.16821703498561
-10.60897099944518
-14.88818917318273
1.914811974975042
10.78179406555502
5.112924099792145
-10.55370904135812
-5.107927261019354
10.68259387508601
13.10018868719002
1.503906295938715
-1.33591535250575
13.12218601951652
9.881567758351522
-12.17783257140373
-7.839802360527884
-11.09016255789711
12.47405941743568
11.49229727315542
14.23951303529256
1.120662454589772
1.093190564573352
0.4015487478547467
0.1798983976863029
0.1076792538710839
0.09006498720016533
0.0766753669552217
0.0545278679484481
0.05039991852120022
0.04885092001024216
0.06627891710710911
0.1079430449366397
0.1853540688751906
0.2089526314021141
0.3751863534837553
1.076766180901529
1.090787967983038
1.127119851441128
1.084702851024271
0.4056891006368059
0.1780607326148982
0.1225907598362121
0.09793194827249002
0.06452904603210625
0.0534295006348573
0.04595681292616168
0.05396163329295214
0.08064255750786851
0.1305902802178441
0.136575845684848
0.1651478752493732
0.3716906889694537
0.3731087424182752
1.090211380507851
1.104961255571462
1.094985804927307
0.3982091640939825
0.2016712145409904
0.1463711022392011
0.09005139347214382
0.06519311461538005
0.04917058927843509
0.0507874375914202
0.06676281851909772
0.1011440361963367
0.09708650467705725
0.09421359603545949
0.153521873255294
0.1607202763356526
0.3749993258558147
1.089425406512838
1.088055205998807
1.090510707424
0.4204853957119171
0.2442571180197193
0.1392251053137819
0.09049254985722563
0.06084544929293512
0.05542427015453102
0.06317840412019368
0.09105972035975977
0.08524280136506282
0.07046263678762746
0.0918238527402659
0.09264502404223528
0.1568805364783422
0.3690678171316762
1.076141004012737
1.145843254200729
1.087779443379761
0.5025487472215729
0.2496221723569734
0.1456552062928817
0.08842865979454935
0.07070123173628313
0.06966853131104235
0.09281163411014688
0.08511955270676151
0.0616412352532448
0.06602500270036789
0.07695255816175015
0.105523029587488
0.1783309587370287
0.386388700532787
1.068776978768684
1.146061631706591
1.086655544677429
0.4844466834315546
0.2482716060522057
0.138294052474729
0.1019818297362433
0.09053424999474308
0.1140179803630735
0.1045862431907681
0.06993596921116531
0.06513292847680972
0.06889018558301108
0.08746104235227059
0.1318552794948862
0.2219990180753616
0.4609979137254943
1.073707534982389
1.103535674419514
1.088026663331304
0.4346840376196823
0.1883303921778405
0.1221796781527502
0.09934911444696719
0.1194983479436581
0.1089036371317077
0.07085761631434992
0.06115508466887151
0.05030851210853389
0.0592615513729104
0.08160651705200649
0.1257749537341472
0.2312579723387599
0.4509834987083544
1.073945325808385
1.095748617009521
1.097107406712505
0.3828631794425156
0.1798250309069237
0.1149924572305489
0.1192459143288805
0.1062199907108873
0.06477668025389914
0.05059548027642142
0.04728416006940971
0.04870152575853832
0.05959081193160529
0.08143074204553599
0.1335531111879198
0.2266429051725919
0.401005223860919
1.083599256583256
1.12242111029057
1.078339817416652
0.4289058536319437
0.1897903333539095
0.1601023783848749
0.1399269853303971
0.07972388860620076
0.05545132014372044
0.04971791497395557
0.04481526418363473
0.04738973983924603
0.05700823055980035
0.08290185694788886
0.1300755987998449
0.1727601225129437
0.3613928532625383
1.080364988719696
1.141087345672995
1.085508451733705
0.3969975882547022
0.2305253806300031
0.1922921512400117
0.1050718175464946
0.0655050662823158
0.06673858822371374
0.05365823243770657
0.04945712862034185
0.05143550561711603
0.06527991238335927
0.09307286501767875
0.1085698814168644
0.1601620676775129
0.4013342629234167
1.089758243993288
1.134346267855493
1.088122368589475
0.4476628582897426
0.3234140249929364
0.1726547737538348
0.09706898297956293
0.1115458947886501
0.08046783649564535
0.06509321333594463
0.05949978228104735
0.06465391052539989
0.08280787725650895
0.08703741855200527
0.09861569093961826
0.1677325363198194
0.3571188908608785
1.085244949836064
1.09523993144308
1.089252775846404
0.6365124263524297
0.3265157939654201
0.1747344825415051
0.1905270756550526
0.1328158959323476
0.1009766209552222
0.08797342857845593
0.08849873699661136
0.1071207535191437
0.1076169149432193
0.1031691122731944
0.1375310123511721
0.1974588980348294
0.4019616026836841
1.075191212921431
1.089942329927251
1.090152943125936
0.5994777340087789
0.3042788556519859
0.2243419637695243
0.1474909380580911
0.1056224846028662
0.08962503494584577
0.08879961434444426
0.1054693110089921
0.1045061270719192
0.09813632838875
0.1275209732734965
0.1717889349160708
0.2932703333145938
0.5896870604493966
1.070247320321481
1.092950469011558
1.078228470291317
0.4265716273005318
0.3998435175917172
0.1800500964490304
0.1045264408853504
0.07789254760176932
0.06824314814352878
0.07485251915613202
0.07149096684402437
0.06188866126587272
0.07518360493157249
0.09553411188270247
0.1596137209862882
0.3075225006913462
0.5711331270821892
1.072936812460007
1.12946427017262
1.088394030296323
1.076501586804845
0.3958192219826208
0.1698772647569673
0.1028886253501629
0.07477577333301427
0.07164894888847695
0.06430935377728207
0.05041052468016592
0.05318738480389752
0.06022965388294696
0.09097063048349603
0.1652179081764421
0.2908483682954848
0.4041442214685677
1.083136233822712
1.146061631706591
