-0.2838541482336678
-175.9708318278254
52.70250703912154
-9.09374664634446
-7.00590253923493
23.14352715656116
-14.64821796722966
-11.64615788448154
-16.38586782646931
-17.39738045672574
4.764538907486132
-21.46871574582682
24.3327892829972
33.25911641059957
-22.92487319513437
-79.80339421053134
162.1669907923901
196.1544245365495
130.8964579532418
-7.873061183315112
-15.05486067681436
-11.43764714180046
14.10991914612691
4.364483621026984
1.465019591235891
2.337933699248771
-6.316061249107778
15.96907209535449
-6.499858951828269
-27.1259409960414
-37.32476342505496
-76.6547102610361
-53.29362015707154
-157.9946626160206
52.49908593154778
184.1113562173316
43.72076667914205
-19.66527253963068
-18.9016618643024
-13.092929673963
6.231723125797539
-8.960471120700022
-7.570391048613968
11.7714824477806
-10.54118344282282
-15.29512545684137
-27.13422111940899
25.44329211925479
5.598311318314107
41.58855607771052
55.90359427387635
169.6714414194982
160.9852496906728
-9.373103335237861
-24.08712179831978
-17.66478641525276
-2.555463183517668
-8.100703378472378
-0.6161337864367251
11.01836981624382
-4.694174915535945
-9.483935858444731
16.38536328764247
2.302851160260929
-20.20436618920763
2.237689256702985
-50.70743603769263
-55.22617547839514
19.13838704971251
-171.4465643616011
75.55899133262105
19.69216711997512
18.64812116003092
-13.63995773605781
11.99587882834221
2.040595110936323
1.488129341326654
-10.31608302133517
0.1563592866036922
3.437507502021134
15.34627881429891
-12.3826859824347
-7.878688365500466
-14.65861860061115
138.6402644474854
168.4846777387221
-145.5659319761155
-51.34184807165096
-31.06578499796655
-21.81609255328005
0.1541896768592283
-13.65026280014901
-1.202145305864042
12.53987260904251
12.09074734442063
8.556181561255771
-11.14054554978653
13.24119418034199
2.889211307443475
27.40142954113694
-52.42645118417258
114.4214702654968
-194.6831676275832
-196.1544245365496
72.68300219212885
-11.61525452238353
19.75755949743269
3.195605280401393
4.4132144107386
-13.21995860512562
-14.35285017515039
-20.25250191556156
12.1979904079463
9.053770073060987
0.4445443291823419
17.07596138600962
1.507137293798007
-8.908503042464481
-119.2692524374772
1.398114858476319E-012
32.11441083222103
30.68420156522651
23.16152321493679
17.4131518092615
-10.64370938958688
5.706913889995046
7.528398873447621
13.69043373030849
8.346617461305483
5.703802128867225
9.409055203437182
11.96908585202632
-15.75712164514528
-44.36168259803787
71.0461522167394
63.84338372083017
39.53293028916199
158.4050790763631
-51.75233654139432
19.48159866202304
21.86266274698062
-0.3426271791613741
8.822219686482098
8.465844555779018
-11.4317994510536
-6.885182084064922
8.932215229453854
-9.155293201552668
-3.764671282280309
-17.13282677892624
-19.31596534704926
21.51249947091112
38.23033579296931
192.9414089606635
109.8504600058367
-27.50472475281414
6.324504920105015
6.010471280911079
-13.47657134800827
-2.419397908871592
-19.85547189676315
-11.07005491628194
6.761667260704651
4.220711328303508
-10.51847715356528
1.713309308311491
21.38843084643968
-20.62708459946813
69.68557824137957
72.96618902484063
-121.8902117980211
-14.07951403975636
-62.85934148658627
32.91007597149428
-3.538097229845717
25.0502943179179
-22.94876059737452
-16.12430372487832
-4.240664612080286
10.22378868999317
8.20601064862938
-14.5566593372021
-10.81455885144551
-17.3528576878504
8.813982465553568
10.30279972354966
162.0708442789523
-36.53882048017386
148.5016294367551
71.77484209796272
-7.119893231038851
-18.33828154527076
19.5066317488088
4.677094593841826
7.018454104679509
8.641296748590831
-5.114772026731192
2.291200220936195
15.55917947801949
-7.718398302910214
0.09134008676626831
26.25139767111699
35.7235705332094
-37.23713651356197
-20.54488725661145
65.35785299024792
-48.49993666285745
42.93335886308806
-57.58813698759956
-29.29548503235962
-16.70562516874394
-11.16767712642898
-3.167011314862813
13.22330778812272
8.982853231604341
-8.881017855398227
5.463730328540663
12.18611997375517
-29.34788472678668
-63.3493773516568
-55.5320878221986
-80.72486907659905
173.9165969922368
76.06870844393093
-110.2699107620142
4.056014593919773
3.26406274850034
-5.1070161719404
6.167733421951886
6.341489997616121
-7.835759710208047
-6.111227473270279
12.72513142394666
13.66315217686865
3.10566659053453
-0.1007081446968843
-44.67263364515816
-155.9669756983236
131.1801892810026
-151.4846826428155
-43.3489981224924
-99.67186330345051
34.71468193809834
27.81937764175071
-21.55726215299075
-12.58460792481443
2.101854293402919
-7.569087650248932
16.45704181954493
-17.88615238293054
19.080053782914
5.716997493919525
7.91881941058976
-12.11326298275843
115.8268531915658
87.08749754041207
207.1537541436599
-84.8445315420731
48.33845438365889
-35.52547596825001
-22.79712800849188
-3.471697997165661
-15.9951841298068
9.628538862406192
1.819064899943925
4.721339156515
-22.62555144872221
18.13725150318155
23.81162429463787
41.12831629676707
103.1147249283734
-179.5264034443532
111.5832467246079
-16.34885072708268
-145.2916251409584
-65.39788215428148
23.93887068295001
-17.80866590342733
11.34093328099834
10.3819627370272
-11.00238333804423
-11.02227032699496
12.22502580974033
-3.674260412898945
18.14981088880347
-7.292869046032614
38.32790672729347
68.59608391272634
-41.32651120848003
117.506291685139
-190.4024591741684
-67.96955876338178
-51.40605860718748
27.94114017671514
18.12536233376817
3.331433953037179
8.976955814431285
3.135489026809599
-7.533939693574881
-0.2942017754948294
6.896116523957194
-4.402416775497151
1.431566804848933
-42.37156980959519
32.97368631132273
43.8871191474501
-189.310250607421
101.3569839715652
-113.3702271312392
-73.02002368065855
40.1637891901618
11.98576190431095
13.80538545081536
-6.745065034588634
10.67003115761021
-0.9916170124454736
9.873939337896701
7.41725153984958
6.79266727670205
-30.18831412868474
4.443712599304479
-24.38863902790224
35.65850772068578
189.5275749718531
-201.1049857793761
98.90193989614802
74.51270387055892
37.70830791157373
12.4982873504326
-3.197696662843487
-2.954952844878707
-11.77373702536872
-10.92487112809893
1.935394701868404
13.41033219511352
-20.67069724123477
12.95009710483323
11.9693668771518
-28.0799726692712
-63.80240499824131
-137.0770804582489
102.9983109322538
134.6955695648543
-89.49572483841051
-36.02696008063619
13.90125083173361
20.01977500114462
-11.25056225711837
-15.41249265519487
-5.222277724714498
-8.350034364797283
-19.54389644854881
-16.2794677779624
7.988155826901524
22.78559150775838
-31.47394590370967
-82.5727626753665
160.0631233507141
-66.76507555400354
-4.849147796629481
-22.1241018321268
-31.99528862338937
13.01455966555137
19.79578119196873
16.54381683574786
6.334934554885273
4.544963568025083
-5.297622370916781
7.239144543717512
3.644303032883213
12.05575302493764
-8.377066332388026
39.48023394245232
99.08541731476106
-153.4121502925217
207.244818080427
-196.7071004405343
58.84724864402729
21.16519765042643
11.66516863997391
-12.32539946708994
11.86439541853995
-9.720916452625643
-7.995615509882453
-13.8791174806734
8.042049394018886
-1.935772782087675
2.667998337674882
13.16702435851963
-2.707805585748324
-7.607291634152696
186.763067525413
-194.562162968787
116.9386743807148
54.82339961861671
29.27265258602672
6.639086770090016
17.21624300519635
11.81114469306119
16.15438257284042
-14.80946775821264
8.277137370928257
-0.1639893401913196
2.776320518389052
-12.50778898406844
17.73113083732346
-24.71915889985639
-58.08066684472215
194.9800514638899
-68.21703526405287
163.2021014891573
66.4739616176639
33.36663841809416
21.60594310288093
11.52813687396885
-20.81712847304168
13.68343053685064
-7.784754493751097
7.5799409524654
8.957722400093001
4.608492061028144
-18.93641909692332
-0.4688055914506186
-19.0927112422124
5.662451504019955
-183.8363582611339
167.4397447292097
195.7053971360951
32.81063533826719
-9.72517976673025
23.53471111103297
9.046416758960877
19.47350913685423
-3.598241741590632
10.86048303006165
2.747605412711895
7.79456008713106
8.96691023604591
-14.47568983300209
5.902607519346064
-30.52102346645446
-65.25021730137489
-111.8688198207665
-195.5227105881018
130.6354188637291
4.43451562330407
33.95034851769531
-28.16994866539541
-32.11278283769929
19.73803686862392
10.85236668564625
6.539043857959748
9.575764760206978
-15.30681950398756
-2.361182824022279
-12.00242361965422
-20.46310673398533
-13.63133015381689
-54.64483822674829
-195.2409524361003
200.6537630415706
186.2772069711686
48.33996571604245
-8.387001996358743
5.158826575243814
4.873822601967551
0.3831131297699644
-5.320891160355071
10.41584173582033
-4.616674731449375
-10.65657291748576
7.694679148338032
-14.46704918995907
-14.98951270246216
-8.121926826647041
-17.59374999300346
189.4294344919425
181.3472773228309
-95.48581652119589
21.93696246589578
-28.49279886393703
56.05601398574525
-28.45636507556325
-17.49489716285007
12.25541931795857
-13.87918515271699
-12.00339501658262
-8.924998369095526
2.1558280495924
5.733738919081125
-20.23497242012543
30.14169865158935
-42.22419149325023
-120.3106387171237
154.5914491889924
126.5097738582516
-193.3379210049676
-36.05408377646646
-37.54365107189256
-13.7339126910926
-0.4794055960177073
18.36893691619991
-20.81547777239855
-12.69885939227763
-2.071761447977835
3.378394580987868
13.41978854884146
-28.83587869201643
37.25938758642245
69.26572491211708
-153.9475687052125
-179.3060670755814
12.52864787766968
-3.995817093867315
0.6319354221851743
6.996393417776363
6.492189164933288
10.76861659611364
1.640478306446489
-13.39467578521088
-9.941568377857967
-10.9249893530855
12.1422434958224
-13.32927577119567
-0.9532084467041683
-2.452844909476231
-11.84473218359372
5.120184596256252
1.431429298786077
-11.04309855489029
11.50195561575919
7.991139776799626
-12.66584261214251
2.858687219793507
1.167071517592492
-5.63285251286325
10.79397025575955
11.75385914145486
-12.81159042075135
10.27313771575209
-12.3414414392219
-5.408281768192431
-12.92807909427103
-12.68691283698284
-0.5246461137440653
-11.20957628572975
-11.89678908407642
9.954840108485108
12.82269408136349
-12.62330771536207
-12.84172950060542
-10.86612399488157
-2.590585971056572
-11.00796547690572
1.313167102814689
8.322572770818287
-12.30347872716492
-4.916636879905046
-8.858822627366411
12.79009313681749
-8.68991272692317
-1.220693262140489
10.50412846740871
-1.494036747357448
11.04813667008247
7.770140889914482
-12.48459035067525
-12.55592815439741
-10.95522590543977
0.007321159139870775
-10.44329660705279
9.136526276444345
-12.51948669537848
-12.51346087247541
3.837400091992947
10.45419201484957
-10.03654518291681
10.80300384489139
-12.50863530417982
-10.63539622865464
-11.51583974862279
-10.58851113335163
-0.1724192885932435
-4.188216869991091
2.18933806654731
-6.207598626795797
10.73281628281442
11.18562047958005
10.93806895515365
-9.783216499507395
-10.03808600315105
11.23071609072868
-0.4304717737165922
-13.36259242428927
7.337432580182805
7.771226596160068
12.02259389935406
-0.8155895700434114
-11.32961184159896
4.041533432397713
1.539399738480688
-12.96250144637725
-10.20181157965143
-0.308358672363338
9.397643751745447
11.92622051751116
13.10928193090019
13.06637093959377
4.542508884416413
1.303055869565668
-9.474615848176251
13.55075379590067
4.055360240848594
-2.850184684654315
6.123963004682018
-7.727559059630673
11.71897138491432
5.948165952161839
2.489060351230396
-8.410471935434304
-7.331240292745012
-12.32405719495865
-11.59919393226932
-5.982773384393953
1.341290418232359
2.586414330261129
-10.02137679331343
11.82252889343365
-9.810552460454611
-10.61226648579688
2.957478024159531
8.740717619179161
9.115475781353732
-3.960780374224221
0.6298999279988273
2.444363481262906
1.30885439849141
-4.805686829340242
13.07677554194911
12.43350709941087
13.12923564024784
-4.512862675767683
10.00671681104769
5.529767882782385
-12.82139746841438
-7.818785874747439
9.422611126883613
-5.938254909599784
-11.9253048812935
1.206608776036293
-12.8407008557554
-2.497589401535167
5.913759561758683
-9.929319458269919
-1.954254267986885
-4.366591449723686
3.306505054986187
-12.81353247350149
8.110119321511723
-10.41748979871834
7.31899720696787
-12.77721637932457
2.829578587536139
12.01280795861673
-7.848763209718748
-13.74789084410682
-2.39429832138549
-11.78386839983206
-7.413594149453847
-6.671983494139577
-12.77988941373725
8.267040633908437
-12.41499827752671
-0.1736370446332929
-2.015369207003284
-5.911366426083751
-11.44373209186295
10.79401496094562
8.343828764372317
0.72374186499098
7.50877337351738
11.14421419148461
14.89815403916812
-9.101459173125019
-12.13634261219059
11.30309043887556
-10.5910352046619
5.024453211274671
-12.82952417204481
-5.680225759719716
-12.42616663609183
5.090949484998338
-0.9520027838566248
-12.26716263298802
3.381499144196985
-11.08717994316231
11.90052147212253
10.96785803007673
11.15251817612983
-9.376032608037608
0.05096621156792579
8.284519959801198
-10.96192522303909
3.025432230144179
12.79357129014991
-8.001093296230316
-3.561511591093509
0.5102013322630808
-12.69663270259115
11.14214926522711
9.506280049579077
4.174790605468018
9.862517196213377
11.90876908396016
12.81127679586102
7.534754708514708
12.13971831035332
-5.27961093880161
-12.73097508362938
10.65694765707877
-9.596134737313598
-10.00439712404215
-8.882525212497448
-3.349172001561084
-12.10182252456679
11.23274489996279
13.16977099731181
-12.86811747635866
12.43886345868183
13.1659817104237
-5.570955790170414
-5.678372003182978
-10.67053900896054
14.52708005482388
10.5911700088081
6.009755572363383
-6.319937455033521
-9.300030555331762
10.63987873998875
7.096124570778994
-4.988000084634043
12.8154982870655
4.126555603867144
3.833776155480634
6.489359793878175
3.434244975044555
11.33566863630263
-10.28678612902941
0.6049025326651596
-0.2908272677443665
1.139036498388194
-11.4673899718079
6.916892530383155
-5.342587696483108
13.57699529988622
12.63029705959142
-8.941644642861487
-13.45906062474432
11.1524037903214
4.583835201443911
10.01714543723415
-10.26840378614606
1.027987760701055
11.90611217380386
-8.384133384519181
-11.673133975623
12.17947952029822
-13.90850741383114
-8.57634532935643
-11.26589596451703
13.51616152448515
-11.73850794731282
-12.10419015332514
8.309917816063969
-13.66897947337049
-2.4516430402918
-9.500399762082919
-8.378060932793343
-6.146149536007479
-2.664485617592433
13.64576126848961
13.37431622880725
6.287002658333381
-11.14698835597448
11.81506627231808
-9.127107151147731
0.1124525991725177
-10.22676536579396
3.078812887791366
-12.93751960836276
13.16423156044326
11.90592028235768
-7.44388867868548
-5.821188927130695
2.695207745264376
8.141711114464851
4.423520786727389
-11.96134511532722
-0.9395795677676086
-1.753585725155498
-12.89093691742644
-2.794814361343966
7.437252214449038
5.276092758486993
-0.6397073756821193
2.381138037845949
-0.6423883079352407
-7.227314615355279
12.756986513254
-7.031520597050457
-13.03046143945748
9.990769596591024
-4.097062983286413
-12.02379663918281
-9.506653825292075
-1.837589088984291
9.683661491293732
12.83643290008297
-4.662886985063023
-14.94240582309234
2.572533736909674
-10.15057896224133
2.882771113257151
-3.038654954058633
7.064862250637947
-13.06578162830062
7.854347267788788
9.215656285214097
3.280568640825187
-3.359604668074198
12.52960745968489
-7.5534607766347
-8.520774315641312
-7.307237014981194
-3.287834153404402
4.852940831743085
9.174188319548087
-4.235304576421874
12.82437129263552
12.33642149225679
12.99612130729154
-11.54598189738672
7.447916600124298
-6.742013130316302
-7.147293465300873
-8.834252211868575
8.55988021146781
-6.644216962021781
13.62668395001922
-2.06396250648864
-11.43295141375837
-10.97396335474961
1.152761375678508
-15.55142112426802
-0.7557415419154293
-12.74071616462689
-13.47393520333838
-3.786677413877248
9.060719390857745
-13.62971489839756
-9.769245550587453
6.390978042174517
3.483228179652147
-3.594371745610721
-12.96959400057429
13.64665459935124
9.837163229294596
0.4316184091013788
-12.83556591531657
11.48828838410061
14.50977526207621
-9.025364248711291
6.273436262710947
-12.26407572895074
13.46389515510379
10.72700677933956
11.4855222399173
-5.823589051973384
-7.228709935005164
-12.20601337592137
13.11949519352851
12.96823505744909
8.577119505326904
5.490081714508088
8.694882573107588
7.352179338388946
-11.41677509489275
-11.28352990115039
-6.652409773066839
12.30772749869904
13.09098539108597
12.95327200450682
-13.11763957463242
12.19404646962688
-1.191006684026744
3.962399409621915
-1.230681822692896
12.38610891960588
8.489556709918864
12.06877117127738
-2.613078061894424
-10.49515041241704
8.881242697238795
10.03119733183059
8.142640793953412
11.48763542648108
0.214045134893088
12.85810118845387
11.81650771251235
8.721857391005006
13.03176547396221
12.40193864300676
-12.61448275770361
-1.125903223312643
10.11048384319021
-7.784582837302724
-10.69330483556359
-1.15185508564785
-12.70021560240918
-4.335709804077783
8.4651478683747
-6.003018086519289
10.98973761995572
4.753211378344956
10.55367473480336
11.06427107853731
-1.138333851371269
-9.904103590828299
-3.866568389656968
-13.13251761464553
12.9471435627531
11.67890983977538
-6.42288602353632
-7.253240965722003
10.04054112695639
-13.09141452639557
10.51345734102841
-3.159425955976408
-1.785850327299143
6.903365144796133
-4.214123711723067
6.286107935403051
7.695836834249597
12.13710420176367
-2.190498468067385
-11.83463616288505
4.125819531616471
12.23617044672407
13.14299695369127
-4.64146780221415
-12.81720897636509
-7.135300732729692
-5.338254305129828
-6.841933785855612
3.205321043787539
11.88169147060081
11.4746833462378
9.915972796556691
7.185112939040123
-12.83524504569911
-2.113224090861491
10.29214289116934
12.53628992776131
13.07910534869934
2.593708995671409
-6.634416031655647
8.842943928134796
-12.46278139753783
-8.405050743564285
5.037442344075067
-1.49627777179986
-8.794866561749677
-7.043251261675377
10.02115986687468
0.004491781295456083
7.190311865898085
-8.862016076792806
-8.557515635533049
-9.729251914958812
-12.72260270712751
5.138078551526857
6.716073360012786
0.4846582221533652
-2.419022551064124
-4.189553285078315
0.304800898047157
-11.86629880670333
-11.68989438090112
4.874138509141002
-4.245175390149186
4.079038013774986
11.51771616874635
-11.24970499172877
9.392609531261099
-7.801005178123563
-11.27480500212088
12.32912649747415
-3.462776503936301
-12.76859502497196
-12.87332405013675
11.69148191954436
12.97650504929099
-6.795781707848874
8.471085657561561
-13.20184366097807
-11.8094197766264
-15.64867802384682
-1.216684950835695
-9.6473738478588
-12.17866708246131
0.140171088872435
4.958645531868417
-10.38010328273374
1.731000380769716
-7.788338058250901
-13.02769180208263
9.267998247577895
-9.160051096526606
13.70725967085813
-6.54978734468704
10.76992311904216
6.898198472655634
-0.1946504581295654
7.0699940155061
1.14437470171091
1.079204738234554
0.3950592236280995
0.2025800736594152
0.1317503154627603
0.1292815956122546
0.1198163731974499
0.08347716645764822
0.09107606991281775
0.09958407923092064
0.1277309595968902
0.1552571628523688
0.1880751340225217
0.2921972772543597
0.5835418815865101
1.085323444603642
1.087439297822403
1.087367583327741
1.080324113613258
0.3638842476484681
0.1562224936309585
0.1169226634250998
0.1000040566185088
0.06221464829033989
0.06131660956776768
0.06224468778893336
0.07601524074753903
0.09052247924976821
0.1065001366402897
0.1551723200470758
0.2955442211972999
0.568258483672083
0.3725543000494242
1.087735163386387
1.091085628729169
1.084177592670946
0.3727998732561532
0.1887515407015578
0.1446685982695655
0.07463355703309531
0.06036896968088128
0.05244315832796557
0.05900146377437987
0.06504917425691178
0.06958674301681081
0.08792484337460721
0.150105283208726
0.2730304471316095
0.1847623280769439
0.3340100604017269
1.090446781499191
1.09181799556358
1.087721373977332
0.4066921768946933
0.258717599132798
0.117927761857432
0.07756027526426899
0.05823255798025767
0.05904234158800057
0.06111447101722284
0.06039672819108222
0.06651201590433607
0.09798701154312423
0.1672529655522946
0.1142820813933152
0.1352953771420725
0.3424501900146642
1.090545418902741
1.115977999729273
1.093408402943185
0.5862318065380349
0.2350055276056736
0.1240146231480486
0.07739378727643834
0.06824943283565871
0.06601098170368688
0.06090928285556093
0.05798309962721695
0.07408735445666238
0.1157587621370949
0.1109283238489886
0.09513890691120738
0.1611117264108218
0.3616445819799735
1.077038187963681
1.090896650440121
1.095594663923229
0.5699771629648169
0.2627965708766759
0.1429054108520995
0.1105979571621718
0.09771948353004031
0.08540139656137233
0.07504079897885556
0.08117282340487326
0.1178590305292474
0.1089742695640571
0.08542815264188758
0.1268816772913726
0.2305314805813911
0.5403289561437898
1.086927329834007
1.136968549003078
1.083941405392963
0.4197099643188603
0.1880373673101597
0.1306977687493806
0.1107729917623998
0.09458842810568353
0.08098263954070532
0.08316937438725693
0.1156446136004846
0.07835828134307851
0.05391522149397516
0.06664451754890886
0.1050721271513299
0.2182583995464284
0.5495826205868721
1.073479041260448
1.144876689300331
1.101050118352142
0.3666268533442715
0.1733267655029063
0.1157851002189897
0.08996323942610317
0.07273029341966769
0.06792226460770388
0.08758328958376707
0.08946863353004304
0.05446604636783406
0.0530668155881111
0.06774325725332506
0.1134370444041292
0.2455220973382023
0.394721745115765
1.090346560708823
1.096777170176849
1.08769000118097
0.416484275465583
0.1942487340348558
0.1262212673650346
0.09512603696607262
0.0814403380444636
0.1007531756488577
0.1033506016523235
0.0594768696906334
0.04935229941007077
0.05285066726746205
0.07215839492349362
0.1362073867886358
0.1733022535389778
0.342155013022175
1.097632326303239
1.130519651475067
1.086780943442551
0.3974135685407433
0.1876083607620947
0.1238894197644705
0.09797073037442769
0.1157735432162955
0.1332112620658837
0.07476128154374173
0.05611301924303259
0.05470289814302809
0.06343936667575595
0.1050372244110206
0.1181838829910302
0.1552711764430618
0.3862308780169613
1.092631562080396
1.144115110023378
1.08392398739159
0.391710780180598
0.1895760894397777
0.1314731128996183
0.1471318919461672
0.1662671046639888
0.09126600389460443
0.06440773212109427
0.05848301794110732
0.06252289075862182
0.09444756921222594
0.09981982659345801
0.1012559142789182
0.1754962238084138
0.3649256524446322
1.087897166909521
1.09881938704368
1.092610268440759
0.397259782367035
0.1916308506933323
0.1856877407585444
0.207564136108079
0.1120576853381787
0.07139628296036961
0.05986412024634526
0.05997236597832385
0.08550107966941697
0.08693723363140765
0.0788311533711217
0.1130448881425702
0.1634054029946027
0.3606563364981893
1.098005586146269
1.114261150645877
1.090548422282387
0.3782813847958273
0.2416586404228421
0.3194064459304219
0.1640606017409394
0.0923106777621388
0.06833791965543685
0.0601409578102917
0.07737324927408488
0.07699459513260429
0.06491443938310394
0.08542958236299518
0.1067181510598168
0.1682196557455987
0.3632049503904458
1.090499122921227
1.096583098065006
1.096042851551212
0.4373492599743721
0.629168055138329
0.3104782234630245
0.1582314614803836
0.1006802183932216
0.07579257289427689
0.08429652671188782
0.07918819949934924
0.05975482365589264
0.07129876097045273
0.08185574406055619
0.11309241721165
0.1665118631010852
0.3395754393437918
1.088160204158122
1.120035135837276
1.090289334832974
1.094568434536701
0.585530517286897
0.2824753514092668
0.1713894179524712
0.1191176183291408
0.1230053501426489
0.1155750930041685
0.08166811695493528
0.09163073744939168
0.1005550994915742
0.1288635318724197
0.1623978006717766
0.2104283252877282
0.3884498733011823
1.064275197722671
1.101187019311602
