-116.5126204815494
-170.1410525616178
48.86535583569162
-19.99167033536239
-17.48684430285384
-12.7428881572426
10.46542756270243
11.48374222874508
-8.45735660516673
-7.23666694851943
-10.71552770830472
-18.34639795845538
-0.01181910614276747
15.14414570219854
19.32159656029841
-69.40262948288748
151.9969857069489
1.398114858476319E-012
-65.92265889256434
7.081945892560147
1.733982757271218
-19.2392388350794
15.09829927917369
-5.378764955449805
1.557594509903752
-4.834253165554217
-0.2489236518085757
11.60750030778542
20.9344386508123
-7.203767915215114
22.73591699504966
44.23510501281738
-10.18024471555853
51.35031832550042
167.7424123047664
59.93327831691895
-61.02360666665319
-0.3240342546818203
-3.751679287837251
20.31545146948917
10.12971627910096
-2.286723280395717
-0.4486988941162213
7.865699550980094
-13.27500232746489
-12.89639670284792
15.33773062236838
20.03144665586886
-0.9433373896759931
64.6436956550849
76.34283438329565
-3.494482561092861
-159.6162381411453
10.56972034696612
-21.88633383427684
23.9716695687613
14.82843240756003
7.110268346596385
-8.960308261658703
4.651644738407692
-9.821287500544669
13.88520415800561
4.036297880870187
-14.92069481549612
-2.588839814912246
26.43466527145015
-6.211987596230402
-191.4464741789849
-121.2301014072652
24.41668105769359
-79.77182589792594
25.99307790648229
-8.332175496266631
-17.10279487389395
-0.7372736641427687
9.369770477424051
6.019050870212808
-1.350030375240846
-5.613015580195074
6.557940986626289
6.80270243694346
16.68006564715357
-1.194662927875574
-62.82991238193298
-18.07785222593865
192.7218505046077
-160.7667675015579
63.86315591157142
-68.12158758576771
-27.54299997560327
11.34190340060901
-6.030751396929322
6.203763094991971
-14.91054317114216
-7.878614065689574
-6.103329015222061
-10.46960530032607
12.73975932025319
-6.537152200253428
-20.9595787498668
72.29667644254748
132.9956510040338
-114.0720504807925
116.4671387191337
129.8235875098883
-19.6297516994985
-13.97153153058668
3.797150041906928
-17.02328703853133
1.797994519647446
10.65380439811589
-7.445241700565751
-4.891892179555748
2.620889024110834
-16.70721069416432
18.76118221921505
-35.92064632640274
64.7137981629607
103.7911296771809
80.54027680842162
-195.4562860471933
58.89267926989149
-45.93777065671113
-11.87114556035385
4.103602190419249
-12.24958737432464
-0.9785430651883296
-11.77263062366181
0.6633430600931323
9.916317072917801
14.36442713977159
8.88157611314444
22.01435974990051
67.20796201592454
46.91994083833484
143.169711857764
-196.1544245365493
-2.374158417752122
-61.17621966927221
-34.95302724994069
-27.07751773439226
29.76391840397468
8.900751218738149
8.791725456474239
8.130494681712836
2.799865878187716
-5.538169765498549
-8.124621164388184
12.81885271574913
-24.72583496944302
-42.22536691859992
-68.96356503109988
3.113107969292487
-34.58202634172724
58.53026098300701
-33.14035960276643
-36.33047201746715
-18.27255401042618
-9.767139421656109
-9.461374926796223
-7.970960738775029
5.22145476674659
0.4471751497434655
8.310533643775093
-10.82685899861813
-8.474346827901009
16.43558213027417
43.7397724032958
-72.31744703889999
-114.9066113309362
145.2039475281416
-157.9871287474306
-76.16453464752463
7.602977934666975
26.40742773460839
-15.86756381440694
6.195077708044431
2.466582996142963
-2.668291703038265
-0.2191302828043115
7.270400107243804
-13.16564655303686
-9.663347833743632
1.477454542554631
-29.42288284706165
-29.52548627355848
-145.9263058227708
173.3203451066728
-169.4518829634405
109.8456808247529
16.10231606107412
-26.46965128954279
-32.71204698579464
22.35283750935098
-1.944136775356117
7.744982175269109
-1.054802532530656
-12.97041920860429
15.02947928738032
-24.82805604203262
29.37547646217705
-5.124660848208691
64.40887494241821
180.4003878031999
-78.00300383922846
-153.6834960042051
94.34403555306837
30.29599884804429
37.57502171004678
20.82110936051183
4.358322568406819
14.72990236030628
13.46384329060057
-7.659087695592444
-8.728186572536067
15.25503980552596
-23.92234397870921
12.98300328557896
46.47113886255015
-0.3362297804579069
-181.2570962885977
196.1544245365494
-118.8972162468908
24.44035891574728
-45.76915900757936
30.85491209141086
-17.88032648769737
0.3149252515803952
-10.14592566976383
7.554514161449783
-9.919895453102468
-6.216645686295899
9.574475971514364
9.960582852727601
-26.3370062556917
36.06075899116149
-79.20561191375783
39.01340173564387
124.8958666098536
196.1544245365496
181.7937947367361
69.71508980843566
-2.150493181407704
2.323125179451551
10.50007455489761
-3.525260194869654
10.92189981304208
-2.509710039375726
2.217036388635133
8.953367228108821
-12.19406451416529
-19.94631593240161
-1.988974608388075
-68.90861081959696
104.6618872586205
-196.1544245365493
169.8043878554511
100.7074987867001
-50.40764690050416
23.80881620611594
-4.534439750647436
-7.25096688032643
-7.154571308433648
7.04060930410304
-9.546383063094968
3.227403242583363
-0.3649975218615772
0.7386290704872726
-32.000409706427
33.08900419985412
-63.61671036639654
184.979592428442
125.8012445656669
207.244818080427
-186.096010221732
-70.93057205626731
30.24266058090793
4.615419119470487
-5.193859543112797
-14.26242559869579
-14.23200573601467
6.035676164869836
8.849239210353065
-6.78524843425917
-7.767061658272699
22.33570573707677
17.34584883869107
48.0205602168224
64.61639738232404
-190.7709980920872
104.0248845361428
-188.0174779100024
33.67217368981476
-33.38663428647491
23.53070436587686
-1.23274001508491
-14.8160249865602
8.202147316915539
8.200618665494931
7.573566156315947
10.60923236484717
10.1910565069626
-4.716518737633389
17.62243554534392
27.86004375552166
11.32775923128106
182.7530884857245
206.123744666647
-115.2636079299033
70.61621605080799
-32.92748109337786
-17.70163050513924
21.74448198368529
-8.887526821981064
0.202316992638434
9.273747796373653
11.34467419859729
-2.222644096187957
-11.14203028776921
4.49380480679652
15.24985166510477
1.896413810504263
-63.71677302322041
-39.58282681560071
-168.3526956384183
195.9400404087465
-11.11964364242043
-44.2825984255993
-43.44043752012379
4.560037277447395
-11.74442159846669
5.855072845591764
13.61145860037429
-13.50609412306835
-8.253995125878474
8.6543810005477
10.12799625878738
-1.917865662807862
29.20190458614178
-11.22401324778893
193.3116633054093
69.477631326097
113.6723940354289
-69.41164262895381
-33.91385454440797
-10.2097891074472
-13.21586125346283
-13.09257549487504
-16.84283208000681
6.365134949075114
-7.629209260056652
8.157997890809693
-2.479670628395293
4.580813612147209
-19.60361753335435
-27.91746920994267
14.46381002262645
-141.0657902182416
170.6128851004498
156.7252177680987
-6.940400229410671
43.19082808166745
20.45173138222766
17.46324527339354
-10.73989707477356
-18.15202681416351
-4.483102817120599
6.576599458804835
-10.44149748681892
12.59620386668601
3.760692888597789
16.99643124704149
-26.47569067902304
-52.2365643289687
-162.6293859755309
-181.4064968154524
30.5316063170202
-94.66630077217275
-21.93508491237666
27.97799662035483
30.03967411738098
-24.04214052206297
16.20694765822489
-2.259859388661793
12.16821428711414
-8.588434036586813
-7.501318315822339
-21.89376484825037
-33.10229420604835
-11.51274305001476
107.3511892072158
-136.3392565616784
64.73028659820694
193.5029161951023
-46.34589055965361
-15.5514200795176
-22.32987716952548
8.397830492759477
-16.01427976323936
9.686212451528014
-1.882472317800865
-7.458949850185824
6.519254855985006
7.465141426041513
11.27670454326412
-13.65284054137152
-15.39838971594258
85.38640250736057
-194.0621493282554
-196.1504744548547
188.4675832988896
-56.3790042039487
-7.687446181998285
-24.94496111474553
-14.05905751247218
-5.04496434005136
7.827003407892314
-7.173479764357841
-8.090510974747092
-2.071440132470277
2.576554968140733
-14.1529771773041
16.10012672135072
-22.22968454393806
-7.84982946632808
-155.9145728402857
135.1962040580008
117.5167112335593
-4.43115031981029
-54.42984366256043
11.65629614348756
3.255376542314462
-18.15479522080761
-13.49744230116134
-10.53285472288766
-9.874296865336133
7.660058065556671
3.161140792695923
-13.0993571690354
-28.82052978763101
-18.70521551000717
50.66031471676735
132.9016997563244
96.31044935331703
101.6417923939964
-17.80374532391648
54.60474072016405
-14.10427471002498
-0.9707598410215229
-4.785305548260795
17.05630898240204
-12.55737432913499
-14.40195850568854
11.29621884079929
-10.98857373575703
14.1554038769988
-10.95728318449444
31.2434659114618
22.16810238075829
-68.8169765428095
182.2204855017702
123.4687542264315
45.18049833834022
-43.7438064160565
9.865061299636496
-14.33018917571892
-17.49583865958325
-3.062528071222252
5.16257538262791
-15.07423898305739
-15.94227923959497
-22.31428364501897
16.95230461478859
-23.86604965542233
-15.35419383173976
-102.5219579630977
-67.86984028101658
-41.73331260681291
155.4441230840341
71.68294217172797
53.54368834954668
-5.669973998427892
-0.8956059478151933
13.22235032435585
4.901273444284279
9.42645549189325
-7.336225620867514
-15.72363697157627
14.63703937765271
-11.3106671168872
-0.3293127978079252
38.4060351510244
-60.65403997469376
-193.5623219125437
-163.2828410784693
-10.59079170227189
70.0306157220964
-5.955741561160818
29.51402309335386
17.44842383024437
-6.607997875900406
11.13870167650557
0.3951162070780808
12.90711949874288
12.67624094091469
2.90504270924586
8.814988115749419
20.08351673319892
-50.60967000149061
-13.532386945635
-164.7744397580435
64.14724588394303
14.63173021755833
-10.57514012747747
12.79849751086841
-12.77411517165963
-6.63244554710795
-3.421477783244282
12.63156381489865
2.356825300611346
2.217063592388664
-11.12259678839528
-7.690706503221112
-8.574160443306218
9.825528295928214
-5.589426003696359
11.65279292969859
-10.89068043518243
0.02397776421694273
10.72599966250125
5.315543564912312
9.92354744450974
-8.793547289605087
-10.90690218205484
11.5314338201438
5.852962704267339
10.69451608458943
-12.87188968738517
-10.4655118278517
12.07575109060935
11.13343539781368
-12.03229918043537
0.921978940952631
-1.136266842616728
-10.9302776719272
10.29766154405923
-1.349168194925532
10.25456907812043
-12.10007122319972
8.870743763107672
-10.66461426405109
9.332335213866324
12.90290776039894
-12.01680798965483
-10.6232879470236
-0.9240351164937588
-12.5623733998366
-12.45577646469997
10.8866937119591
0.1091264146870848
-10.34295554314827
6.335744073451077
-4.881657221657548
11.50167571702124
-1.254727163511365
-7.836702550179153
2.85774798531561
12.70628675608773
-3.061268923484034
13.0170945113626
-8.521570949101408
-5.090690693185991
-12.8912872047504
9.309108424079003
12.22307652506387
-10.88567090091988
-11.47682161353285
7.370898196378887
8.743040223090121
-5.387936265633114
-1.35427615329346
-8.026492612667552
-7.631253029628993
12.6836590607222
7.774047216499155
-10.58783472175005
9.305247653821782
1.905482804153528
-5.747568515072863
9.450051508300639
3.677193342946759
-2.45037360548016
-4.000945733590224
9.180166872237365
-10.47465010047056
-6.816343213663431
-9.824172818836828
-3.873359658840153
-11.18871611645147
12.99920726800189
-3.666812075834728
-4.750016545808405
13.28605433492151
5.523694863358438
12.46660468320903
-11.53702743873052
1.035786517931225
-13.15299486120369
-5.521829176183093
3.94522740239618
6.935475489524495
3.112656360334642
6.296393272308945
11.92509816820769
15.25220725454824
-1.964739955568922
9.249199147910149
-12.54799777294349
-13.10662888925447
-7.863848022760678
-2.124775945999113
11.08598457076032
11.87789610553817
-13.1808073060827
6.399189678506489
-9.492526001209347
-11.13630183749757
-0.4738706535590247
-0.9224580787725076
13.58169979742113
12.43781190415947
-14.40010939967913
-8.966136648226559
13.43694690750985
-4.286531615996362
-13.15024588678714
-9.163502793156431
5.558094305792244
-11.32783264789012
-7.324620257625863
-10.9341792788598
13.909055706239
13.04444892534748
13.66981999663288
14.17703201570468
10.67194014284322
-5.971035789048682
12.15237763874403
14.08361087842442
-9.407030951301591
-1.93583098796445
-5.344767859690477
-1.288026740743394
6.097786624220269
13.95626068581391
-1.324873037771227
10.12294017035643
12.73863044855098
-13.02592886141246
-12.82800445873617
-0.5600784951090189
-2.29211379139006
-4.439309868527192
-12.71635842937368
8.857166307164855
-9.375800331391147
-5.810880693158237
3.400909017771743
-7.286886216721944
2.593766035630763
2.879096306147138
-3.449884177322271
-12.9369556581723
13.14258081954423
10.45453077772973
10.27059407724551
-10.24165413784026
4.638104351093312
-1.103191905473704
11.88459070348541
-7.424886070114463
3.116873820475032
0.4615867311063576
-11.11314918496738
-8.537320931694145
10.48361469756804
4.18392707534036
-10.58352965398425
12.3316242636668
11.67158525581399
7.65274893638679
10.0459666967496
-1.628766274661966
-10.42765199653515
3.538388370634496
10.61188344330142
-1.834366035027038
-12.83728851453475
-11.61532558018155
-1.892260498364506
-10.85533549888923
10.20366671336418
-6.697250497765311
-3.476267433423447
-8.737604318322017
10.6935378161828
-11.28662337055919
13.51961842017312
9.686541585966339
-13.30019948791482
13.086453882294
-12.49185847948378
11.75912910772287
-11.71761675896435
4.889706871125569
10.53630982686512
14.9975790412843
-11.49407200525525
4.010724463340969
13.35115960265467
6.435888126591053
13.25780565466205
11.89311991634384
10.90391106611696
4.55089549401794
5.298210973804541
5.173586845938248
13.6492345808697
-13.03414969506712
13.47176036423972
11.53571597823723
9.977277903609043
-4.309410892187333
-12.69712891627268
-11.60116584266128
-5.941523695958116
-12.90724475157051
10.64252037703015
-8.864712106393915
-9.526273744460619
-12.26264819824814
-1.796998649344759
-0.9869882759149411
6.325778197810709
-4.105023742639331
13.21245708551202
-8.256241584453392
-1.413716845105306
-0.6314124303207711
10.00594128675256
-14.35078774022757
8.303657571195499
3.876373947467595
9.503534680655891
-9.935345969760977
-8.16665263650043
12.59991626378676
-11.59453705682578
8.375109923279577
-11.23777554115105
-8.668492071581136
3.950564031917391
-12.40559357653819
-12.79127726716859
9.412985553852904
-6.370571426119956
11.52883757687646
11.38772081713337
-2.658052279681379
-4.068835112045813
0.1799271335383453
0.990338279285828
-11.11591145013218
-12.49386502148604
2.797068904301613
12.84300362229592
-12.88964869364641
-6.794081882135386
-10.44993526019118
-9.746342991113142
-8.305996737095697
11.63886515231161
-5.210625831955929
3.851813101410942
11.55724679026779
-9.170131588694773
-10.01610846819721
-7.945358375670699
9.510272425391404
-7.039285314281065
5.742988650037399
-11.62392421020801
-7.202026685390202
-0.5716694182921477
7.755056812281898
4.526252790571288
6.45260094546202
4.64721558047013
12.94372187767158
12.78474692776241
6.755651793577338
-4.977274026131659
-14.77776168081291
-4.57115118010926
-3.963348378148787
-9.295592822198879
7.36621357572491
8.887903256732432
-1.191702290386987
4.778994124734729
7.53160916103069
12.95106465985431
-2.868091126930803
-3.377711288905493
6.879480141111722
12.95595944098757
7.907282354370974
11.24836546596925
10.42584390201221
-7.896308773117904
-11.25490539620688
10.15357583282126
-12.6942361236803
2.318046252375213
12.59456336757529
0.2448936772284497
-9.84713518749337
11.9654328422694
-0.3301057657836139
9.018843842778649
-4.315273753105798
-7.181786300572182
6.38046062534043
10.84091552191485
-9.527034949510952
-10.30780714804138
14.31697917072423
8.219802676720887
-10.37000341923085
-2.732651847135113
-10.43091434609408
-7.800547205501502
-9.175091794288651
13.05868492572646
11.77391811989659
-9.038704656737165
-12.71406962723217
12.90003391412412
12.66758388503174
9.544101680263749
8.194485738340457
-11.20366373804987
6.664139371553572
-14.01985427316331
-2.692962768713204
-0.06378876576660514
-12.52276076092314
-12.3272699323995
0.09198506344595539
-12.17100897243485
-4.406305609513343
-6.65395699284859
-13.31946592193923
1.0567827006035
-12.17712699552244
12.89523620168622
-11.45386459806356
-13.05952913151796
11.65641374357506
0.8123309369852862
-2.715033092610913
11.52258110733782
8.934838580082957
4.074594600607182
1.881714865723015
10.82231308268466
-13.19045862425167
-7.323270029300036
5.990234075613787
-1.762593119838952
-12.68082884658453
10.49053209324339
-8.745621500411124
14.10247861347744
-13.981209314964
2.616175983027053
-0.9957327193279549
7.614009932434175
-7.567130585699436
-2.32667624474103
-13.24769049736643
4.781956634361506
10.66688398633535
-13.02153962866535
8.486145665749817
-12.0435367448438
9.324611239474146
3.281408247766244
5.66290852720873
-3.912690787857338
-1.137286129160725
9.075702206626371
12.47458863758914
1.584844490385672
7.106842987351891
8.029144313079936
-13.8567260830449
-13.10793649129228
-14.14258115317886
12.94219591972399
-2.867444184873151
14.2542291810098
8.253699307461829
-3.112687190560083
-0.3097941120463543
-2.367629795748727
13.12104827915705
-12.87846381498503
-12.23174841720748
0.2749817480827816
-7.626976742386338
12.03944432047989
9.860000043490215
-12.58867974819889
-10.78960953519077
-12.90597037215097
-12.88211818112621
-12.64404340358709
-1.536004441201648
0.1270967520381014
-7.837365980977329
8.081402096641064
-8.295935705068892
-12.36573720045608
13.06545281310137
5.140158933798647
-10.5859596033167
-11.40798968781572
-15.2908044015164
-2.263926245261229
-9.684831907617808
-7.524663961984349
12.48326049710975
-7.804589353105874
-4.806033353495642
-6.233779692406243
-10.90476071018746
-8.648507558060878
13.22856764744662
-8.351241129748074
-12.93612354664782
-7.849958674434745
-13.12720611105244
2.524009525623271
-1.105659791193286
-14.95103920171019
-3.956343635366205
7.815087673392406
11.31731585588105
-12.77598661791699
-10.37761858434164
8.250199381955612
7.667444039544411
-1.62978104000855
-9.501320531678392
-2.395400393656745
3.535977697928361
-5.247062114342566
6.603261627453586
6.906236757514336
12.62976314755108
5.811757545562006
-3.77892608682814
-1.593507106175108
12.72747161269849
-1.735230444692231
12.05026804832548
3.138612160480639
-6.594324930727534
8.14885689607839
13.02906878863766
-12.72400619786054
-12.78410288329106
-0.8484307956844787
-3.848719794006102
-2.205025302143076
7.016334100269651
-8.813505877793158
-11.27167117825146
-8.80056279299421
1.293952971672053
12.05195272168529
0.9332769420829965
7.669045514688038
-9.848599196039045
9.269500763526951
-4.962181977104268
13.14182347193278
-13.24165450407003
-11.69043757382076
12.58241263701425
1.081493616504912
-10.32882653969138
13.07269300945797
-12.99108216523871
-6.09990583715989
-0.794338868939835
7.921607399791261
10.77279888797553
8.486211438926208
8.354665462271951
10.10422543127517
2.938590447653349
5.837975796651643
9.912878817760678
6.550319169506989
9.727220290908441
12.49196017058044
-3.655792643109277
-1.227321405856585
-8.714776023510012
-11.11744022987995
-0.8732534523369112
8.227457382362262
1.137634146913217
1.092214017452481
0.3878319625751669
0.1717441451392162
0.09979698440253872
0.08099375896901366
0.07003266028795327
0.0744130915597101
0.07045565079157144
0.04377283172868002
0.05922981768545386
0.101432592843344
0.1767789706838094
0.2010278874869517
0.3672876331004011
1.091434135768759
1.089963266271932
1.144876689300331
1.090641816555193
0.3937879759811076
0.167343058400338
0.1092982996413586
0.08820426989352599
0.08420626509172506
0.07909092095225793
0.04271922950444442
0.04890493882604891
0.07427499096693092
0.1233506874845305
0.1296472573751426
0.1579787561684425
0.360676935127508
0.3613615353277783
1.091381767928222
1.09037836193941
1.090152703876345
0.3850261194500925
0.1844455263663627
0.131631832216674
0.1124344992089374
0.09914886630588272
0.04703888148265408
0.04537020745961088
0.06032042677588792
0.09387711079555425
0.0908024059372373
0.08864546165778302
0.1473861917015785
0.1539946529391866
0.362550740536796
1.094125489574592
1.13884720085375
1.087636973786621
0.3944488217399432
0.2184170610757659
0.1646185391795229
0.1453948968765123
0.06287583506509603
0.04951179388845984
0.05731420522184555
0.08289340844920789
0.07768215136608608
0.06546589238912918
0.08608322435564959
0.085449621408868
0.1464075750084164
0.3536576438828824
1.079971141490074
1.146061631706591
1.090797825966392
0.4449419607592865
0.2836587725892252
0.244351269155796
0.09778109714400526
0.06500709169602524
0.06103619732281958
0.08221719598669922
0.07498314436146127
0.05514163543587584
0.05998476483177746
0.06739907382217974
0.09275230823434076
0.1614541966322003
0.3525842947656669
1.072565601695483
1.131718934938857
1.087697633502274
0.5210556470161835
0.4203785752425664
0.162272286484087
0.0962076562923035
0.0796310874733003
0.09915531760065448
0.0895612475274209
0.06058526845461298
0.05628350636573402
0.05943700544501048
0.07478919774500296
0.1141582671709768
0.1928508170480679
0.4073007454542528
1.07101653903025
1.133771001594839
1.078682321499963
0.718204893269241
0.2620843285213241
0.1368277478281116
0.09872590500385926
0.1111927206679729
0.1007674502656698
0.06385297266844396
0.05487781739429443
0.06369834545235896
0.0710751630767809
0.09460445580044442
0.1398481835668967
0.2465122328154686
0.459429947472794
1.065782438058897
1.096467790710438
1.092847545376713
0.6159019486672572
0.2812188960134604
0.1678953684004933
0.1674885552453459
0.1490608735870714
0.0896946281001493
0.06622258522586741
0.06732033175528984
0.07247005364898215
0.08952159353075363
0.1305201215157467
0.2196128293778078
0.3766829671019932
0.6472070090876575
1.092157871239892
1.141087345672995
1.069043145620666
0.4239845774307389
0.211339372709624
0.1938866218364463
0.1708433523493949
0.1012134218193578
0.07226396707518658
0.0461032318758635
0.04401259842005084
0.04725497304712509
0.06095197283452122
0.09431584612398106
0.1560317782566594
0.2482907891087609
0.6063328268501794
1.072189976884267
1.100300212810988
1.090198214719417
0.3612753571954802
0.2051432207559582
0.1708186032350837
0.09456903148351933
0.05923330149223583
0.06171335949715537
0.04901445753499381
0.0447623981190847
0.04731429366321368
0.06148082881684251
0.09112893917589346
0.1270993677400627
0.2710457092708408
0.4018478804483476
1.069954367426132
1.096010498462263
1.087736121055721
0.4214650580327384
0.3036045032858707
0.1594612855563557
0.08948246957216748
0.1059703893967516
0.07579835912494394
0.06002441144279509
0.05456172944581274
0.0583419609035595
0.07479771309497918
0.08992412328821428
0.1594215052750036
0.1926055477993366
0.3239231439913749
1.090359540373149
1.095362158436182
1.09158539433421
0.6147362056371247
0.3144937518227006
0.1656888331890165
0.1807897909362365
0.126281093149328
0.09483379785621984
0.08150358544397809
0.07977343275293781
0.09501688508747315
0.1028514957978983
0.1578828573194492
0.1731998540939459
0.1749037394791671
0.3762969083527464
1.066629100170381
1.094987775404374
1.089040505605074
0.5778629704578103
0.2939498232609737
0.2146093672469448
0.1396311360364392
0.09960544508369716
0.08311213145867988
0.07965824768222474
0.09340664749294375
0.1004046847216652
0.1493233736273546
0.1619713430784775
0.1500881394356548
0.2703688308021908
0.5663621996624021
1.069206348094436
1.107864118133687
1.081113151685598
0.4183801765343066
0.3891276959029042
0.1733049716517236
0.09889961367577586
0.0730645713052463
0.06224613703423026
0.06673373920383832
0.06815808134592292
0.09340421961707529
0.09662163059092291
0.08325801472069133
0.145504152159408
0.2910301419953191
0.5511119774960814
1.090794248082208
1.135641183934236
1.085188634749872
1.076216479667707
0.3865279123723087
0.163475715917602
0.09724042795480836
0.06853597758981533
0.06454140130878491
0.06037501120702018
0.07263784592105987
0.07108995841980999
0.05199923290682099
0.08312133319428594
0.156367452305845
0.2797973944832453
0.3879408617681344
1.078361707513978
1.140082108331584
